time,price_A,price_B
2024-09-30 00:00:00,2657.62,0.9997
2024-09-30 00:01:00,2657.73,0.9998
2024-09-30 00:02:00,2657.49,0.9997
2024-09-30 00:03:00,2657.41,0.9997
2024-09-30 00:04:00,2654.49,0.9997
2024-09-30 00:05:00,2656.5,0.9998
2024-09-30 00:06:00,2655.37,0.9998
2024-09-30 00:07:00,2655.96,0.9997
2024-09-30 00:08:00,2655.16,0.9997
2024-09-30 00:09:00,2655.9,0.9997
2024-09-30 00:10:00,2659.0,0.9997
2024-09-30 00:11:00,2657.44,0.9997
2024-09-30 00:12:00,2659.19,0.9998
2024-09-30 00:13:00,2660.03,0.9997
2024-09-30 00:14:00,2659.18,0.9998
2024-09-30 00:15:00,2658.71,0.9997
2024-09-30 00:16:00,2658.88,0.9997
2024-09-30 00:17:00,2658.0,0.9998
2024-09-30 00:18:00,2659.7,0.9998
2024-09-30 00:19:00,2657.27,0.9998
2024-09-30 00:20:00,2657.58,0.9997
2024-09-30 00:21:00,2658.29,0.9997
2024-09-30 00:22:00,2657.01,0.9997
2024-09-30 00:23:00,2655.11,0.9997
2024-09-30 00:24:00,2655.05,0.9998
2024-09-30 00:25:00,2654.93,0.9998
2024-09-30 00:26:00,2649.57,0.9997
2024-09-30 00:27:00,2649.0,0.9997
2024-09-30 00:28:00,2641.99,0.9997
2024-09-30 00:29:00,2640.01,0.9997
2024-09-30 00:30:00,2641.52,0.9997
2024-09-30 00:31:00,2639.53,0.9998
2024-09-30 00:32:00,2639.99,0.9997
2024-09-30 00:33:00,2634.0,0.9998
2024-09-30 00:34:00,2627.65,0.9997
2024-09-30 00:35:00,2626.28,0.9997
2024-09-30 00:36:00,2629.36,0.9997
2024-09-30 00:37:00,2630.91,0.9998
2024-09-30 00:38:00,2629.56,0.9997
2024-09-30 00:39:00,2631.34,0.9998
2024-09-30 00:40:00,2635.86,0.9998
2024-09-30 00:41:00,2638.49,0.9998
2024-09-30 00:42:00,2636.5,0.9997
2024-09-30 00:43:00,2638.0,0.9997
2024-09-30 00:44:00,2639.99,0.9997
2024-09-30 00:45:00,2642.29,0.9998
2024-09-30 00:46:00,2640.51,0.9998
2024-09-30 00:47:00,2643.0,0.9998
2024-09-30 00:48:00,2644.0,0.9998
2024-09-30 00:49:00,2640.41,0.9999
2024-09-30 00:50:00,2641.33,0.9999
2024-09-30 00:51:00,2639.77,0.9998
2024-09-30 00:52:00,2643.3,0.9999
2024-09-30 00:53:00,2644.1,0.9999
2024-09-30 00:54:00,2642.17,0.9998
2024-09-30 00:55:00,2644.03,0.9999
2024-09-30 00:56:00,2644.21,0.9999
2024-09-30 00:57:00,2644.66,0.9998
2024-09-30 00:58:00,2645.62,0.9999
2024-09-30 00:59:00,2647.62,0.9998
2024-09-30 01:00:00,2648.68,0.9999
2024-09-30 01:01:00,2647.54,0.9999
2024-09-30 01:02:00,2646.48,0.9999
2024-09-30 01:03:00,2649.88,0.9999
2024-09-30 01:04:00,2648.83,0.9999
2024-09-30 01:05:00,2650.92,0.9998
2024-09-30 01:06:00,2652.99,0.9998
2024-09-30 01:07:00,2655.0,0.9998
2024-09-30 01:08:00,2651.15,0.9999
2024-09-30 01:09:00,2650.64,0.9998
2024-09-30 01:10:00,2648.49,0.9998
2024-09-30 01:11:00,2643.69,0.9998
2024-09-30 01:12:00,2640.5,0.9998
2024-09-30 01:13:00,2637.79,0.9999
2024-09-30 01:14:00,2638.0,0.9999
2024-09-30 01:15:00,2638.4,0.9998
2024-09-30 01:16:00,2637.61,0.9999
2024-09-30 01:17:00,2635.62,0.9999
2024-09-30 01:18:00,2632.32,0.9998
2024-09-30 01:19:00,2634.8,0.9999
2024-09-30 01:20:00,2636.0,0.9998
2024-09-30 01:21:00,2634.7,0.9999
2024-09-30 01:22:00,2634.86,0.9998
2024-09-30 01:23:00,2637.21,0.9999
2024-09-30 01:24:00,2637.64,0.9999
2024-09-30 01:25:00,2637.56,0.9999
2024-09-30 01:26:00,2637.7,0.9998
2024-09-30 01:27:00,2640.12,0.9999
2024-09-30 01:28:00,2643.9,0.9998
2024-09-30 01:29:00,2644.9,0.9999
2024-09-30 01:30:00,2644.74,0.9999
2024-09-30 01:31:00,2644.09,0.9999
2024-09-30 01:32:00,2644.58,0.9999
2024-09-30 01:33:00,2647.19,0.9999
2024-09-30 01:34:00,2649.01,0.9998
2024-09-30 01:35:00,2648.19,0.9998
2024-09-30 01:36:00,2639.94,0.9999
2024-09-30 01:37:00,2642.0,0.9999
2024-09-30 01:38:00,2642.77,0.9999
2024-09-30 01:39:00,2642.52,0.9999
2024-09-30 01:40:00,2640.79,0.9998
2024-09-30 01:41:00,2641.91,0.9998
2024-09-30 01:42:00,2641.51,0.9998
2024-09-30 01:43:00,2641.32,0.9998
2024-09-30 01:44:00,2639.7,0.9998
2024-09-30 01:45:00,2639.81,0.9998
2024-09-30 01:46:00,2634.5,0.9997
2024-09-30 01:47:00,2626.78,0.9998
2024-09-30 01:48:00,2620.61,0.9997
2024-09-30 01:49:00,2618.99,0.9998
2024-09-30 01:50:00,2619.67,0.9998
2024-09-30 01:51:00,2620.39,0.9998
2024-09-30 01:52:00,2617.88,0.9997
2024-09-30 01:53:00,2617.88,0.9998
2024-09-30 01:54:00,2622.79,0.9998
2024-09-30 01:55:00,2620.11,0.9997
2024-09-30 01:56:00,2619.62,0.9997
2024-09-30 01:57:00,2618.61,0.9998
2024-09-30 01:58:00,2618.49,0.9998
2024-09-30 01:59:00,2615.69,0.9997
2024-09-30 02:00:00,2615.17,0.9998
2024-09-30 02:01:00,2616.47,0.9998
2024-09-30 02:02:00,2616.68,0.9998
2024-09-30 02:03:00,2615.54,0.9998
2024-09-30 02:04:00,2616.7,0.9998
2024-09-30 02:05:00,2613.77,0.9997
2024-09-30 02:06:00,2617.11,0.9998
2024-09-30 02:07:00,2615.49,0.9998
2024-09-30 02:08:00,2615.53,0.9998
2024-09-30 02:09:00,2615.77,0.9998
2024-09-30 02:10:00,2616.84,0.9998
2024-09-30 02:11:00,2611.2,0.9998
2024-09-30 02:12:00,2607.08,0.9999
2024-09-30 02:13:00,2607.12,0.9998
2024-09-30 02:14:00,2609.5,0.9999
2024-09-30 02:15:00,2611.38,0.9999
2024-09-30 02:16:00,2612.62,0.9998
2024-09-30 02:17:00,2615.88,0.9999
2024-09-30 02:18:00,2617.31,0.9998
2024-09-30 02:19:00,2617.07,0.9999
2024-09-30 02:20:00,2616.07,0.9999
2024-09-30 02:21:00,2615.54,0.9999
2024-09-30 02:22:00,2614.88,0.9998
2024-09-30 02:23:00,2616.97,0.9998
2024-09-30 02:24:00,2615.16,0.9999
2024-09-30 02:25:00,2617.06,0.9999
2024-09-30 02:26:00,2615.01,0.9999
2024-09-30 02:27:00,2615.86,0.9999
2024-09-30 02:28:00,2616.21,0.9998
2024-09-30 02:29:00,2614.1,0.9999
2024-09-30 02:30:00,2614.61,0.9998
2024-09-30 02:31:00,2618.47,0.9999
2024-09-30 02:32:00,2616.49,0.9998
2024-09-30 02:33:00,2614.61,0.9998
2024-09-30 02:34:00,2615.72,0.9999
2024-09-30 02:35:00,2617.01,0.9999
2024-09-30 02:36:00,2615.01,0.9998
2024-09-30 02:37:00,2614.01,0.9998
2024-09-30 02:38:00,2618.83,0.9998
2024-09-30 02:39:00,2616.5,0.9998
2024-09-30 02:40:00,2616.49,0.9998
2024-09-30 02:41:00,2618.84,0.9999
2024-09-30 02:42:00,2619.73,0.9998
2024-09-30 02:43:00,2621.14,0.9999
2024-09-30 02:44:00,2619.5,0.9999
2024-09-30 02:45:00,2618.41,0.9998
2024-09-30 02:46:00,2622.0,0.9999
2024-09-30 02:47:00,2618.78,0.9998
2024-09-30 02:48:00,2618.99,0.9999
2024-09-30 02:49:00,2619.68,0.9999
2024-09-30 02:50:00,2619.99,0.9999
2024-09-30 02:51:00,2619.99,0.9999
2024-09-30 02:52:00,2620.0,0.9998
2024-09-30 02:53:00,2620.14,0.9998
2024-09-30 02:54:00,2619.43,0.9998
2024-09-30 02:55:00,2615.0,0.9999
2024-09-30 02:56:00,2614.67,0.9999
2024-09-30 02:57:00,2615.18,0.9999
2024-09-30 02:58:00,2615.5,1.0
2024-09-30 02:59:00,2614.92,0.9999
2024-09-30 03:00:00,2613.26,1.0
2024-09-30 03:01:00,2614.0,0.9999
2024-09-30 03:02:00,2612.06,1.0
2024-09-30 03:03:00,2613.8,1.0
2024-09-30 03:04:00,2615.99,0.9999
2024-09-30 03:05:00,2616.4,1.0
2024-09-30 03:06:00,2615.39,1.0
2024-09-30 03:07:00,2612.25,0.9999
2024-09-30 03:08:00,2608.94,1.0
2024-09-30 03:09:00,2607.62,1.0
2024-09-30 03:10:00,2611.14,1.0
2024-09-30 03:11:00,2607.34,0.9999
2024-09-30 03:12:00,2610.39,1.0
2024-09-30 03:13:00,2614.92,1.0
2024-09-30 03:14:00,2618.08,1.0
2024-09-30 03:15:00,2618.59,0.9999
2024-09-30 03:16:00,2617.73,0.9999
2024-09-30 03:17:00,2617.0,1.0
2024-09-30 03:18:00,2619.49,1.0
2024-09-30 03:19:00,2619.02,0.9999
2024-09-30 03:20:00,2620.2,0.9999
2024-09-30 03:21:00,2619.27,0.9999
2024-09-30 03:22:00,2621.28,0.9999
2024-09-30 03:23:00,2620.6,1.0
2024-09-30 03:24:00,2621.57,1.0
2024-09-30 03:25:00,2621.4,1.0
2024-09-30 03:26:00,2619.69,0.9999
2024-09-30 03:27:00,2620.13,0.9999
2024-09-30 03:28:00,2620.35,0.9999
2024-09-30 03:29:00,2621.99,1.0
2024-09-30 03:30:00,2621.39,1.0
2024-09-30 03:31:00,2623.77,1.0
2024-09-30 03:32:00,2624.48,1.0
2024-09-30 03:33:00,2623.49,0.9999
2024-09-30 03:34:00,2623.24,1.0
2024-09-30 03:35:00,2622.95,1.0
2024-09-30 03:36:00,2623.82,1.0
2024-09-30 03:37:00,2627.3,1.0
2024-09-30 03:38:00,2627.75,0.9999
2024-09-30 03:39:00,2626.67,0.9999
2024-09-30 03:40:00,2627.43,1.0
2024-09-30 03:41:00,2628.2,1.0
2024-09-30 03:42:00,2626.51,1.0
2024-09-30 03:43:00,2625.99,0.9999
2024-09-30 03:44:00,2625.83,0.9999
2024-09-30 03:45:00,2624.36,0.9999
2024-09-30 03:46:00,2623.97,1.0
2024-09-30 03:47:00,2624.91,0.9999
2024-09-30 03:48:00,2624.4,1.0
2024-09-30 03:49:00,2623.52,0.9999
2024-09-30 03:50:00,2622.82,0.9999
2024-09-30 03:51:00,2623.83,1.0
2024-09-30 03:52:00,2625.44,1.0
2024-09-30 03:53:00,2627.1,0.9999
2024-09-30 03:54:00,2626.68,0.9999
2024-09-30 03:55:00,2624.45,1.0
2024-09-30 03:56:00,2626.0,0.9999
2024-09-30 03:57:00,2627.37,1.0
2024-09-30 03:58:00,2628.23,1.0
2024-09-30 03:59:00,2628.92,0.9999
2024-09-30 04:00:00,2629.89,1.0
2024-09-30 04:01:00,2628.25,0.9999
2024-09-30 04:02:00,2627.03,0.9999
2024-09-30 04:03:00,2626.04,0.9999
2024-09-30 04:04:00,2627.6,0.9999
2024-09-30 04:05:00,2625.98,0.9999
2024-09-30 04:06:00,2627.79,0.9999
2024-09-30 04:07:00,2628.46,0.9999
2024-09-30 04:08:00,2629.91,0.9999
2024-09-30 04:09:00,2629.11,1.0
2024-09-30 04:10:00,2627.09,0.9999
2024-09-30 04:11:00,2626.89,0.9999
2024-09-30 04:12:00,2626.11,0.9999
2024-09-30 04:13:00,2624.99,1.0
2024-09-30 04:14:00,2626.6,0.9999
2024-09-30 04:15:00,2626.24,1.0
2024-09-30 04:16:00,2624.96,0.9999
2024-09-30 04:17:00,2626.8,0.9999
2024-09-30 04:18:00,2626.76,1.0
2024-09-30 04:19:00,2628.26,0.9999
2024-09-30 04:20:00,2628.49,1.0
2024-09-30 04:21:00,2625.24,1.0
2024-09-30 04:22:00,2625.77,0.9999
2024-09-30 04:23:00,2626.13,0.9999
2024-09-30 04:24:00,2626.13,0.9999
2024-09-30 04:25:00,2624.51,0.9999
2024-09-30 04:26:00,2623.45,0.9999
2024-09-30 04:27:00,2624.57,1.0
2024-09-30 04:28:00,2623.6,0.9999
2024-09-30 04:29:00,2624.0,0.9999
2024-09-30 04:30:00,2625.21,0.9999
2024-09-30 04:31:00,2625.5,1.0
2024-09-30 04:32:00,2627.68,1.0
2024-09-30 04:33:00,2628.93,1.0
2024-09-30 04:34:00,2627.71,0.9999
2024-09-30 04:35:00,2628.92,0.9999
2024-09-30 04:36:00,2627.99,0.9999
2024-09-30 04:37:00,2628.99,1.0
2024-09-30 04:38:00,2628.29,1.0
2024-09-30 04:39:00,2628.71,0.9999
2024-09-30 04:40:00,2628.71,0.9999
2024-09-30 04:41:00,2628.0,1.0
2024-09-30 04:42:00,2627.68,0.9999
2024-09-30 04:43:00,2627.79,1.0
2024-09-30 04:44:00,2626.89,1.0
2024-09-30 04:45:00,2626.94,1.0
2024-09-30 04:46:00,2626.53,1.0
2024-09-30 04:47:00,2626.87,1.0
2024-09-30 04:48:00,2626.4,0.9999
2024-09-30 04:49:00,2627.99,1.0
2024-09-30 04:50:00,2627.62,0.9999
2024-09-30 04:51:00,2628.88,0.9999
2024-09-30 04:52:00,2628.56,0.9999
2024-09-30 04:53:00,2629.47,0.9999
2024-09-30 04:54:00,2630.26,1.0
2024-09-30 04:55:00,2629.81,0.9999
2024-09-30 04:56:00,2629.3,1.0
2024-09-30 04:57:00,2628.27,1.0
2024-09-30 04:58:00,2628.93,1.0
2024-09-30 04:59:00,2628.09,1.0
2024-09-30 05:00:00,2628.39,0.9999
2024-09-30 05:01:00,2628.8,1.0
2024-09-30 05:02:00,2628.62,0.9999
2024-09-30 05:03:00,2627.49,0.9999
2024-09-30 05:04:00,2628.71,1.0
2024-09-30 05:05:00,2629.45,1.0
2024-09-30 05:06:00,2631.34,1.0
2024-09-30 05:07:00,2630.68,1.0
2024-09-30 05:08:00,2632.0,1.0
2024-09-30 05:09:00,2633.81,1.0
2024-09-30 05:10:00,2632.61,0.9999
2024-09-30 05:11:00,2630.99,0.9999
2024-09-30 05:12:00,2631.24,0.9999
2024-09-30 05:13:00,2631.3,0.9999
2024-09-30 05:14:00,2631.29,1.0
2024-09-30 05:15:00,2630.17,0.9999
2024-09-30 05:16:00,2630.79,0.9999
2024-09-30 05:17:00,2631.45,1.0
2024-09-30 05:18:00,2632.17,0.9999
2024-09-30 05:19:00,2631.29,0.9999
2024-09-30 05:20:00,2632.31,1.0
2024-09-30 05:21:00,2632.2,0.9999
2024-09-30 05:22:00,2632.14,0.9999
2024-09-30 05:23:00,2632.54,0.9999
2024-09-30 05:24:00,2632.01,0.9999
2024-09-30 05:25:00,2633.15,1.0
2024-09-30 05:26:00,2632.88,1.0
2024-09-30 05:27:00,2633.0,0.9999
2024-09-30 05:28:00,2633.0,1.0
2024-09-30 05:29:00,2632.99,1.0
2024-09-30 05:30:00,2633.29,1.0
2024-09-30 05:31:00,2632.51,0.9999
2024-09-30 05:32:00,2633.13,1.0
2024-09-30 05:33:00,2633.37,1.0
2024-09-30 05:34:00,2633.5,1.0
2024-09-30 05:35:00,2633.03,0.9999
2024-09-30 05:36:00,2633.13,1.0
2024-09-30 05:37:00,2632.51,1.0
2024-09-30 05:38:00,2631.12,1.0
2024-09-30 05:39:00,2631.3,0.9999
2024-09-30 05:40:00,2631.45,0.9999
2024-09-30 05:41:00,2631.48,0.9999
2024-09-30 05:42:00,2631.0,0.9998
2024-09-30 05:43:00,2630.81,0.9999
2024-09-30 05:44:00,2631.3,0.9998
2024-09-30 05:45:00,2630.65,0.9999
2024-09-30 05:46:00,2630.0,0.9998
2024-09-30 05:47:00,2631.36,0.9998
2024-09-30 05:48:00,2633.11,0.9998
2024-09-30 05:49:00,2632.88,0.9999
2024-09-30 05:50:00,2632.58,0.9998
2024-09-30 05:51:00,2633.31,0.9998
2024-09-30 05:52:00,2633.18,0.9998
2024-09-30 05:53:00,2633.3,0.9999
2024-09-30 05:54:00,2633.48,0.9998
2024-09-30 05:55:00,2633.48,0.9999
2024-09-30 05:56:00,2634.2,0.9999
2024-09-30 05:57:00,2636.19,0.9998
2024-09-30 05:58:00,2637.26,0.9999
2024-09-30 05:59:00,2636.5,0.9999
2024-09-30 06:00:00,2636.2,0.9999
2024-09-30 06:01:00,2638.54,0.9998
2024-09-30 06:02:00,2638.83,0.9998
2024-09-30 06:03:00,2640.23,0.9999
2024-09-30 06:04:00,2641.37,0.9998
2024-09-30 06:05:00,2642.99,0.9999
2024-09-30 06:06:00,2641.9,0.9999
2024-09-30 06:07:00,2643.37,0.9998
2024-09-30 06:08:00,2643.03,0.9999
2024-09-30 06:09:00,2641.51,0.9999
2024-09-30 06:10:00,2641.79,0.9998
2024-09-30 06:11:00,2642.2,1.0
2024-09-30 06:12:00,2643.0,0.9999
2024-09-30 06:13:00,2642.04,1.0
2024-09-30 06:14:00,2641.3,0.9999
2024-09-30 06:15:00,2643.0,0.9999
2024-09-30 06:16:00,2642.82,1.0
2024-09-30 06:17:00,2641.8,1.0
2024-09-30 06:18:00,2642.2,1.0
2024-09-30 06:19:00,2642.29,1.0
2024-09-30 06:20:00,2640.9,0.9999
2024-09-30 06:21:00,2639.79,1.0
2024-09-30 06:22:00,2638.47,0.9999
2024-09-30 06:23:00,2638.09,0.9999
2024-09-30 06:24:00,2638.61,0.9999
2024-09-30 06:25:00,2637.83,0.9999
2024-09-30 06:26:00,2637.89,0.9999
2024-09-30 06:27:00,2637.03,0.9999
2024-09-30 06:28:00,2635.02,0.9999
2024-09-30 06:29:00,2635.35,1.0
2024-09-30 06:30:00,2636.5,0.9999
2024-09-30 06:31:00,2636.16,0.9999
2024-09-30 06:32:00,2635.73,1.0
2024-09-30 06:33:00,2636.02,1.0
2024-09-30 06:34:00,2637.11,1.0
2024-09-30 06:35:00,2637.64,1.0
2024-09-30 06:36:00,2636.35,0.9999
2024-09-30 06:37:00,2635.05,0.9999
2024-09-30 06:38:00,2635.19,0.9999
2024-09-30 06:39:00,2634.03,0.9999
2024-09-30 06:40:00,2633.08,0.9999
2024-09-30 06:41:00,2633.79,0.9999
2024-09-30 06:42:00,2632.61,0.9999
2024-09-30 06:43:00,2632.73,1.0
2024-09-30 06:44:00,2633.61,1.0
2024-09-30 06:45:00,2632.57,1.0
2024-09-30 06:46:00,2633.15,0.9999
2024-09-30 06:47:00,2634.86,1.0
2024-09-30 06:48:00,2633.55,0.9999
2024-09-30 06:49:00,2633.62,1.0
2024-09-30 06:50:00,2633.61,1.0
2024-09-30 06:51:00,2633.49,0.9999
2024-09-30 06:52:00,2632.84,1.0
2024-09-30 06:53:00,2632.69,0.9999
2024-09-30 06:54:00,2632.0,1.0
2024-09-30 06:55:00,2631.47,0.9999
2024-09-30 06:56:00,2631.25,1.0
2024-09-30 06:57:00,2630.25,0.9999
2024-09-30 06:58:00,2629.78,0.9999
2024-09-30 06:59:00,2629.73,0.9999
2024-09-30 07:00:00,2629.84,0.9999
2024-09-30 07:01:00,2630.3,1.0
2024-09-30 07:02:00,2631.0,1.0
2024-09-30 07:03:00,2630.35,0.9999
2024-09-30 07:04:00,2631.4,0.9999
2024-09-30 07:05:00,2630.95,0.9999
2024-09-30 07:06:00,2632.68,1.0
2024-09-30 07:07:00,2632.16,0.9999
2024-09-30 07:08:00,2631.63,0.9999
2024-09-30 07:09:00,2631.31,0.9999
2024-09-30 07:10:00,2631.24,0.9999
2024-09-30 07:11:00,2634.49,0.9999
2024-09-30 07:12:00,2639.78,1.0
2024-09-30 07:13:00,2642.53,1.0
2024-09-30 07:14:00,2640.99,0.9999
2024-09-30 07:15:00,2639.33,0.9999
2024-09-30 07:16:00,2639.7,1.0
2024-09-30 07:17:00,2637.5,0.9999
2024-09-30 07:18:00,2638.99,0.9999
2024-09-30 07:19:00,2640.91,0.9999
2024-09-30 07:20:00,2640.01,0.9999
2024-09-30 07:21:00,2639.6,0.9998
2024-09-30 07:22:00,2639.99,0.9999
2024-09-30 07:23:00,2640.42,0.9999
2024-09-30 07:24:00,2640.51,0.9999
2024-09-30 07:25:00,2639.72,0.9999
2024-09-30 07:26:00,2641.43,0.9999
2024-09-30 07:27:00,2640.52,0.9999
2024-09-30 07:28:00,2641.52,0.9999
2024-09-30 07:29:00,2641.64,0.9999
2024-09-30 07:30:00,2640.59,0.9999
2024-09-30 07:31:00,2639.82,0.9999
2024-09-30 07:32:00,2640.35,0.9998
2024-09-30 07:33:00,2641.8,0.9999
2024-09-30 07:34:00,2641.38,0.9998
2024-09-30 07:35:00,2641.37,0.9998
2024-09-30 07:36:00,2640.2,0.9998
2024-09-30 07:37:00,2638.9,0.9999
2024-09-30 07:38:00,2637.39,0.9999
2024-09-30 07:39:00,2636.8,0.9998
2024-09-30 07:40:00,2635.91,0.9999
2024-09-30 07:41:00,2637.4,0.9999
2024-09-30 07:42:00,2637.55,0.9998
2024-09-30 07:43:00,2636.99,0.9999
2024-09-30 07:44:00,2636.51,0.9999
2024-09-30 07:45:00,2635.5,0.9998
2024-09-30 07:46:00,2636.85,0.9999
2024-09-30 07:47:00,2636.28,0.9999
2024-09-30 07:48:00,2636.3,0.9998
2024-09-30 07:49:00,2638.6,0.9999
2024-09-30 07:50:00,2638.38,0.9999
2024-09-30 07:51:00,2637.11,0.9998
2024-09-30 07:52:00,2638.38,0.9998
2024-09-30 07:53:00,2638.37,0.9998
2024-09-30 07:54:00,2637.81,0.9998
2024-09-30 07:55:00,2638.17,0.9999
2024-09-30 07:56:00,2638.45,0.9999
2024-09-30 07:57:00,2639.31,0.9999
2024-09-30 07:58:00,2639.2,0.9999
2024-09-30 07:59:00,2639.32,0.9999
2024-09-30 08:00:00,2637.81,0.9998
2024-09-30 08:01:00,2637.42,0.9998
2024-09-30 08:02:00,2636.08,0.9999
2024-09-30 08:03:00,2638.19,0.9999
2024-09-30 08:04:00,2637.77,0.9998
2024-09-30 08:05:00,2635.75,0.9998
2024-09-30 08:06:00,2636.52,0.9999
2024-09-30 08:07:00,2637.77,0.9998
2024-09-30 08:08:00,2635.65,0.9998
2024-09-30 08:09:00,2635.01,0.9999
2024-09-30 08:10:00,2634.5,1.0
2024-09-30 08:11:00,2633.23,0.9999
2024-09-30 08:12:00,2632.77,0.9999
2024-09-30 08:13:00,2633.59,0.9999
2024-09-30 08:14:00,2633.62,0.9999
2024-09-30 08:15:00,2633.63,0.9999
2024-09-30 08:16:00,2632.68,0.9999
2024-09-30 08:17:00,2632.34,0.9999
2024-09-30 08:18:00,2633.1,0.9999
2024-09-30 08:19:00,2632.0,0.9999
2024-09-30 08:20:00,2631.43,0.9999
2024-09-30 08:21:00,2630.74,0.9998
2024-09-30 08:22:00,2628.17,0.9998
2024-09-30 08:23:00,2628.11,0.9998
2024-09-30 08:24:00,2628.2,0.9999
2024-09-30 08:25:00,2627.36,0.9999
2024-09-30 08:26:00,2628.72,0.9998
2024-09-30 08:27:00,2631.17,0.9998
2024-09-30 08:28:00,2629.54,0.9998
2024-09-30 08:29:00,2629.46,0.9999
2024-09-30 08:30:00,2632.7,0.9998
2024-09-30 08:31:00,2634.5,0.9999
2024-09-30 08:32:00,2636.29,0.9999
2024-09-30 08:33:00,2637.2,0.9998
2024-09-30 08:34:00,2639.91,0.9999
2024-09-30 08:35:00,2641.29,0.9998
2024-09-30 08:36:00,2639.26,0.9998
2024-09-30 08:37:00,2638.92,0.9998
2024-09-30 08:38:00,2637.5,0.9998
2024-09-30 08:39:00,2636.13,0.9998
2024-09-30 08:40:00,2636.13,0.9999
2024-09-30 08:41:00,2637.37,0.9999
2024-09-30 08:42:00,2638.91,0.9999
2024-09-30 08:43:00,2639.7,0.9999
2024-09-30 08:44:00,2638.4,0.9998
2024-09-30 08:45:00,2638.04,0.9999
2024-09-30 08:46:00,2637.37,0.9999
2024-09-30 08:47:00,2636.68,0.9998
2024-09-30 08:48:00,2633.98,0.9998
2024-09-30 08:49:00,2635.71,0.9999
2024-09-30 08:50:00,2640.19,0.9999
2024-09-30 08:51:00,2642.04,0.9998
2024-09-30 08:52:00,2640.0,0.9999
2024-09-30 08:53:00,2640.37,0.9998
2024-09-30 08:54:00,2642.7,0.9999
2024-09-30 08:55:00,2641.0,0.9999
2024-09-30 08:56:00,2642.82,0.9999
2024-09-30 08:57:00,2642.49,0.9999
2024-09-30 08:58:00,2641.44,0.9999
2024-09-30 08:59:00,2641.17,0.9998
2024-09-30 09:00:00,2641.29,0.9998
2024-09-30 09:01:00,2640.18,0.9999
2024-09-30 09:02:00,2640.27,0.9998
2024-09-30 09:03:00,2638.12,0.9998
2024-09-30 09:04:00,2635.03,0.9999
2024-09-30 09:05:00,2637.49,0.9999
2024-09-30 09:06:00,2638.98,0.9998
2024-09-30 09:07:00,2637.24,0.9998
2024-09-30 09:08:00,2637.77,0.9998
2024-09-30 09:09:00,2636.01,0.9999
2024-09-30 09:10:00,2636.4,0.9999
2024-09-30 09:11:00,2637.49,0.9999
2024-09-30 09:12:00,2634.87,0.9998
2024-09-30 09:13:00,2632.86,0.9999
2024-09-30 09:14:00,2632.54,0.9998
2024-09-30 09:15:00,2633.79,0.9998
2024-09-30 09:16:00,2632.14,0.9999
2024-09-30 09:17:00,2626.03,0.9999
2024-09-30 09:18:00,2633.31,0.9999
2024-09-30 09:19:00,2636.15,0.9999
2024-09-30 09:20:00,2637.96,0.9998
2024-09-30 09:21:00,2635.0,0.9999
2024-09-30 09:22:00,2634.52,0.9999
2024-09-30 09:23:00,2633.37,0.9999
2024-09-30 09:24:00,2634.0,0.9998
2024-09-30 09:25:00,2635.4,0.9999
2024-09-30 09:26:00,2636.87,0.9999
2024-09-30 09:27:00,2636.97,0.9999
2024-09-30 09:28:00,2636.38,0.9999
2024-09-30 09:29:00,2636.06,0.9999
2024-09-30 09:30:00,2634.36,0.9999
2024-09-30 09:31:00,2635.6,0.9999
2024-09-30 09:32:00,2634.72,0.9998
2024-09-30 09:33:00,2632.34,0.9999
2024-09-30 09:34:00,2629.89,0.9999
2024-09-30 09:35:00,2628.99,0.9998
2024-09-30 09:36:00,2631.48,0.9999
2024-09-30 09:37:00,2629.39,0.9999
2024-09-30 09:38:00,2628.01,0.9999
2024-09-30 09:39:00,2626.29,0.9998
2024-09-30 09:40:00,2625.97,0.9998
2024-09-30 09:41:00,2625.5,0.9999
2024-09-30 09:42:00,2625.39,0.9999
2024-09-30 09:43:00,2624.9,0.9999
2024-09-30 09:44:00,2623.94,0.9999
2024-09-30 09:45:00,2624.2,0.9998
2024-09-30 09:46:00,2624.0,0.9998
2024-09-30 09:47:00,2620.19,0.9998
2024-09-30 09:48:00,2616.18,0.9998
2024-09-30 09:49:00,2618.0,0.9998
2024-09-30 09:50:00,2617.08,0.9998
2024-09-30 09:51:00,2615.2,0.9998
2024-09-30 09:52:00,2612.88,0.9999
2024-09-30 09:53:00,2616.63,0.9998
2024-09-30 09:54:00,2614.5,0.9998
2024-09-30 09:55:00,2616.49,0.9998
2024-09-30 09:56:00,2614.99,0.9999
2024-09-30 09:57:00,2613.9,0.9998
2024-09-30 09:58:00,2613.4,0.9999
2024-09-30 09:59:00,2611.86,0.9999
2024-09-30 10:00:00,2607.01,0.9998
2024-09-30 10:01:00,2607.48,0.9998
2024-09-30 10:02:00,2612.36,0.9999
2024-09-30 10:03:00,2611.45,0.9999
2024-09-30 10:04:00,2610.34,0.9999
2024-09-30 10:05:00,2612.47,0.9998
2024-09-30 10:06:00,2612.34,0.9999
2024-09-30 10:07:00,2610.05,0.9999
2024-09-30 10:08:00,2606.03,0.9999
2024-09-30 10:09:00,2603.67,0.9998
2024-09-30 10:10:00,2604.29,0.9998
2024-09-30 10:11:00,2607.03,0.9998
2024-09-30 10:12:00,2604.86,0.9999
2024-09-30 10:13:00,2604.93,0.9999
2024-09-30 10:14:00,2595.59,0.9999
2024-09-30 10:15:00,2595.5,0.9999
2024-09-30 10:16:00,2596.86,0.9999
2024-09-30 10:17:00,2596.65,1.0
2024-09-30 10:18:00,2602.74,1.0
2024-09-30 10:19:00,2604.36,0.9999
2024-09-30 10:20:00,2602.68,1.0
2024-09-30 10:21:00,2600.55,1.0
2024-09-30 10:22:00,2601.0,1.0
2024-09-30 10:23:00,2603.76,1.0
2024-09-30 10:24:00,2603.99,0.9999
2024-09-30 10:25:00,2605.42,0.9999
2024-09-30 10:26:00,2603.69,1.0
2024-09-30 10:27:00,2605.0,0.9999
2024-09-30 10:28:00,2605.21,0.9999
2024-09-30 10:29:00,2607.71,1.0
2024-09-30 10:30:00,2606.1,1.0
2024-09-30 10:31:00,2602.01,1.0
2024-09-30 10:32:00,2602.1,1.0
2024-09-30 10:33:00,2600.0,0.9999
2024-09-30 10:34:00,2600.32,1.0
2024-09-30 10:35:00,2598.44,0.9999
2024-09-30 10:36:00,2600.4,1.0
2024-09-30 10:37:00,2599.31,0.9999
2024-09-30 10:38:00,2597.36,0.9999
2024-09-30 10:39:00,2596.72,1.0
2024-09-30 10:40:00,2598.21,1.0
2024-09-30 10:41:00,2599.11,1.0
2024-09-30 10:42:00,2601.61,1.0
2024-09-30 10:43:00,2601.6,0.9999
2024-09-30 10:44:00,2600.91,0.9999
2024-09-30 10:45:00,2601.31,1.0
2024-09-30 10:46:00,2599.16,1.0
2024-09-30 10:47:00,2604.02,1.0
2024-09-30 10:48:00,2604.23,1.0
2024-09-30 10:49:00,2604.7,1.0
2024-09-30 10:50:00,2605.99,1.0
2024-09-30 10:51:00,2605.53,1.0
2024-09-30 10:52:00,2605.11,0.9999
2024-09-30 10:53:00,2603.02,0.9999
2024-09-30 10:54:00,2602.0,1.0
2024-09-30 10:55:00,2602.02,1.0
2024-09-30 10:56:00,2603.99,1.0
2024-09-30 10:57:00,2604.26,1.0
2024-09-30 10:58:00,2605.6,1.0
2024-09-30 10:59:00,2605.02,1.0
2024-09-30 11:00:00,2605.55,0.9999
2024-09-30 11:01:00,2605.09,1.0
2024-09-30 11:02:00,2606.94,1.0
2024-09-30 11:03:00,2603.8,0.9999
2024-09-30 11:04:00,2604.44,0.9999
2024-09-30 11:05:00,2604.74,0.9999
2024-09-30 11:06:00,2602.19,0.9999
2024-09-30 11:07:00,2604.66,0.9999
2024-09-30 11:08:00,2606.58,1.0
2024-09-30 11:09:00,2607.25,0.9999
2024-09-30 11:10:00,2610.33,1.0
2024-09-30 11:11:00,2610.38,0.9999
2024-09-30 11:12:00,2613.5,1.0
2024-09-30 11:13:00,2612.0,1.0
2024-09-30 11:14:00,2613.66,1.0
2024-09-30 11:15:00,2613.77,1.0
2024-09-30 11:16:00,2612.15,1.0
2024-09-30 11:17:00,2613.49,0.9999
2024-09-30 11:18:00,2612.77,0.9999
2024-09-30 11:19:00,2613.99,0.9999
2024-09-30 11:20:00,2614.24,1.0
2024-09-30 11:21:00,2612.61,0.9999
2024-09-30 11:22:00,2612.67,0.9999
2024-09-30 11:23:00,2616.01,1.0
2024-09-30 11:24:00,2616.63,1.0
2024-09-30 11:25:00,2617.59,1.0
2024-09-30 11:26:00,2618.45,1.0
2024-09-30 11:27:00,2617.99,1.0
2024-09-30 11:28:00,2619.35,1.0
2024-09-30 11:29:00,2619.97,1.0
2024-09-30 11:30:00,2623.71,1.0
2024-09-30 11:31:00,2622.75,1.0
2024-09-30 11:32:00,2621.8,0.9999
2024-09-30 11:33:00,2621.45,1.0
2024-09-30 11:34:00,2620.73,1.0
2024-09-30 11:35:00,2623.45,1.0
2024-09-30 11:36:00,2621.74,0.9999
2024-09-30 11:37:00,2619.92,0.9999
2024-09-30 11:38:00,2620.0,0.9999
2024-09-30 11:39:00,2619.0,0.9999
2024-09-30 11:40:00,2620.38,1.0
2024-09-30 11:41:00,2619.42,1.0
2024-09-30 11:42:00,2618.63,0.9999
2024-09-30 11:43:00,2618.52,1.0
2024-09-30 11:44:00,2618.59,1.0
2024-09-30 11:45:00,2618.12,0.9999
2024-09-30 11:46:00,2617.23,1.0
2024-09-30 11:47:00,2617.25,0.9999
2024-09-30 11:48:00,2616.91,0.9999
2024-09-30 11:49:00,2617.27,1.0
2024-09-30 11:50:00,2616.22,0.9999
2024-09-30 11:51:00,2617.9,0.9999
2024-09-30 11:52:00,2617.52,1.0
2024-09-30 11:53:00,2617.08,0.9999
2024-09-30 11:54:00,2618.28,1.0
2024-09-30 11:55:00,2620.24,1.0
2024-09-30 11:56:00,2631.02,1.0
2024-09-30 11:57:00,2628.67,0.9999
2024-09-30 11:58:00,2627.62,1.0
2024-09-30 11:59:00,2628.32,0.9999
2024-09-30 12:00:00,2628.94,0.9999
2024-09-30 12:01:00,2628.5,0.9999
2024-09-30 12:02:00,2628.01,1.0
2024-09-30 12:03:00,2628.99,0.9999
2024-09-30 12:04:00,2629.22,0.9999
2024-09-30 12:05:00,2629.72,0.9999
2024-09-30 12:06:00,2628.09,1.0
2024-09-30 12:07:00,2628.46,0.9999
2024-09-30 12:08:00,2630.92,0.9999
2024-09-30 12:09:00,2628.75,0.9999
2024-09-30 12:10:00,2632.12,1.0
2024-09-30 12:11:00,2631.99,1.0
2024-09-30 12:12:00,2632.57,0.9999
2024-09-30 12:13:00,2631.16,1.0
2024-09-30 12:14:00,2630.0,1.0
2024-09-30 12:15:00,2631.86,1.0
2024-09-30 12:16:00,2632.49,0.9999
2024-09-30 12:17:00,2630.99,0.9999
2024-09-30 12:18:00,2629.82,0.9999
2024-09-30 12:19:00,2629.41,1.0
2024-09-30 12:20:00,2630.69,0.9999
2024-09-30 12:21:00,2630.92,1.0
2024-09-30 12:22:00,2631.39,1.0
2024-09-30 12:23:00,2631.2,1.0
2024-09-30 12:24:00,2630.26,1.0
2024-09-30 12:25:00,2630.78,1.0
2024-09-30 12:26:00,2630.26,1.0
2024-09-30 12:27:00,2629.13,0.9999
2024-09-30 12:28:00,2628.3,1.0
2024-09-30 12:29:00,2629.47,1.0
2024-09-30 12:30:00,2628.99,1.0
2024-09-30 12:31:00,2630.56,1.0
2024-09-30 12:32:00,2630.56,0.9999
2024-09-30 12:33:00,2629.2,0.9999
2024-09-30 12:34:00,2630.48,1.0
2024-09-30 12:35:00,2629.76,1.0
2024-09-30 12:36:00,2628.7,1.0
2024-09-30 12:37:00,2630.14,1.0
2024-09-30 12:38:00,2628.99,1.0
2024-09-30 12:39:00,2630.37,1.0
2024-09-30 12:40:00,2629.71,1.0
2024-09-30 12:41:00,2630.22,0.9999
2024-09-30 12:42:00,2629.21,1.0
2024-09-30 12:43:00,2628.3,0.9999
2024-09-30 12:44:00,2628.31,1.0
2024-09-30 12:45:00,2627.7,1.0
2024-09-30 12:46:00,2629.92,0.9999
2024-09-30 12:47:00,2632.75,1.0
2024-09-30 12:48:00,2634.05,0.9999
2024-09-30 12:49:00,2634.44,0.9999
2024-09-30 12:50:00,2633.32,0.9999
2024-09-30 12:51:00,2633.51,0.9999
2024-09-30 12:52:00,2634.89,1.0
2024-09-30 12:53:00,2635.66,1.0
2024-09-30 12:54:00,2635.99,0.9999
2024-09-30 12:55:00,2635.12,1.0
2024-09-30 12:56:00,2634.69,1.0
2024-09-30 12:57:00,2634.79,1.0
2024-09-30 12:58:00,2634.21,1.0
2024-09-30 12:59:00,2633.21,1.0
2024-09-30 13:00:00,2633.81,1.0
2024-09-30 13:01:00,2633.55,1.0
2024-09-30 13:02:00,2633.89,1.0
2024-09-30 13:03:00,2635.24,1.0
2024-09-30 13:04:00,2636.63,1.0
2024-09-30 13:05:00,2636.23,1.0
2024-09-30 13:06:00,2634.97,0.9999
2024-09-30 13:07:00,2633.19,1.0
2024-09-30 13:08:00,2632.15,0.9999
2024-09-30 13:09:00,2631.47,0.9999
2024-09-30 13:10:00,2633.85,1.0
2024-09-30 13:11:00,2635.5,0.9999
2024-09-30 13:12:00,2634.77,1.0
2024-09-30 13:13:00,2635.99,1.0
2024-09-30 13:14:00,2635.11,0.9999
2024-09-30 13:15:00,2635.69,0.9999
2024-09-30 13:16:00,2635.58,1.0
2024-09-30 13:17:00,2635.99,1.0
2024-09-30 13:18:00,2635.52,1.0
2024-09-30 13:19:00,2636.6,1.0
2024-09-30 13:20:00,2638.0,1.0
2024-09-30 13:21:00,2634.4,1.0001
2024-09-30 13:22:00,2634.74,1.0
2024-09-30 13:23:00,2637.77,1.0001
2024-09-30 13:24:00,2636.63,1.0
2024-09-30 13:25:00,2635.05,1.0
2024-09-30 13:26:00,2635.0,1.0001
2024-09-30 13:27:00,2633.49,1.0
2024-09-30 13:28:00,2631.94,0.9999
2024-09-30 13:29:00,2631.41,0.9999
2024-09-30 13:30:00,2631.2,1.0
2024-09-30 13:31:00,2628.8,1.0
2024-09-30 13:32:00,2631.7,1.0
2024-09-30 13:33:00,2632.42,1.0
2024-09-30 13:34:00,2631.48,1.0
2024-09-30 13:35:00,2632.85,0.9999
2024-09-30 13:36:00,2632.18,0.9999
2024-09-30 13:37:00,2632.97,1.0
2024-09-30 13:38:00,2632.0,1.0
2024-09-30 13:39:00,2631.28,1.0
2024-09-30 13:40:00,2628.5,1.0
2024-09-30 13:41:00,2627.61,0.9999
2024-09-30 13:42:00,2627.72,0.9999
2024-09-30 13:43:00,2626.47,1.0
2024-09-30 13:44:00,2628.67,1.0
2024-09-30 13:45:00,2630.98,1.0
2024-09-30 13:46:00,2631.99,1.0001
2024-09-30 13:47:00,2632.5,1.0001
2024-09-30 13:48:00,2632.02,1.0
2024-09-30 13:49:00,2629.66,1.0
2024-09-30 13:50:00,2629.0,1.0001
2024-09-30 13:51:00,2630.0,1.0
2024-09-30 13:52:00,2628.3,1.0001
2024-09-30 13:53:00,2629.52,1.0001
2024-09-30 13:54:00,2627.4,1.0001
2024-09-30 13:55:00,2625.49,1.0001
2024-09-30 13:56:00,2625.0,1.0
2024-09-30 13:57:00,2625.11,1.0
2024-09-30 13:58:00,2626.18,1.0
2024-09-30 13:59:00,2625.79,1.0
2024-09-30 14:00:00,2625.21,1.0
2024-09-30 14:01:00,2623.83,1.0001
2024-09-30 14:02:00,2627.8,1.0002
2024-09-30 14:03:00,2625.27,1.0002
2024-09-30 14:04:00,2620.68,1.0002
2024-09-30 14:05:00,2620.46,1.0002
2024-09-30 14:06:00,2622.2,1.0001
2024-09-30 14:07:00,2622.26,1.0002
2024-09-30 14:08:00,2620.48,1.0001
2024-09-30 14:09:00,2613.69,1.0
2024-09-30 14:10:00,2614.06,1.0001
2024-09-30 14:11:00,2614.86,1.0001
2024-09-30 14:12:00,2613.7,1.0001
2024-09-30 14:13:00,2616.26,1.0001
2024-09-30 14:14:00,2615.81,1.0001
2024-09-30 14:15:00,2615.14,1.0001
2024-09-30 14:16:00,2610.12,1.0001
2024-09-30 14:17:00,2609.02,1.0
2024-09-30 14:18:00,2609.51,1.0001
2024-09-30 14:19:00,2609.88,1.0001
2024-09-30 14:20:00,2608.01,1.0001
2024-09-30 14:21:00,2609.02,1.0001
2024-09-30 14:22:00,2610.54,1.0001
2024-09-30 14:23:00,2612.0,1.0001
2024-09-30 14:24:00,2611.38,1.0001
2024-09-30 14:25:00,2610.0,1.0
2024-09-30 14:26:00,2607.85,1.0001
2024-09-30 14:27:00,2611.91,1.0
2024-09-30 14:28:00,2613.19,1.0001
2024-09-30 14:29:00,2611.64,1.0001
2024-09-30 14:30:00,2612.74,1.0001
2024-09-30 14:31:00,2613.9,1.0001
2024-09-30 14:32:00,2612.32,1.0001
2024-09-30 14:33:00,2610.31,1.0001
2024-09-30 14:34:00,2613.91,1.0
2024-09-30 14:35:00,2613.53,1.0001
2024-09-30 14:36:00,2612.99,1.0001
2024-09-30 14:37:00,2617.42,1.0001
2024-09-30 14:38:00,2615.91,1.0
2024-09-30 14:39:00,2617.24,1.0
2024-09-30 14:40:00,2619.24,1.0001
2024-09-30 14:41:00,2619.96,1.0001
2024-09-30 14:42:00,2616.02,1.0
2024-09-30 14:43:00,2614.71,1.0001
2024-09-30 14:44:00,2613.5,1.0001
2024-09-30 14:45:00,2614.4,1.0001
2024-09-30 14:46:00,2615.62,1.0
2024-09-30 14:47:00,2614.2,1.0
2024-09-30 14:48:00,2610.0,1.0
2024-09-30 14:49:00,2613.32,1.0
2024-09-30 14:50:00,2613.08,1.0001
2024-09-30 14:51:00,2613.0,1.0001
2024-09-30 14:52:00,2612.01,1.0
2024-09-30 14:53:00,2612.25,1.0001
2024-09-30 14:54:00,2612.31,1.0001
2024-09-30 14:55:00,2611.49,1.0
2024-09-30 14:56:00,2611.51,1.0
2024-09-30 14:57:00,2610.35,1.0001
2024-09-30 14:58:00,2611.91,1.0001
2024-09-30 14:59:00,2613.79,1.0001
2024-09-30 15:00:00,2611.36,1.0
2024-09-30 15:01:00,2612.08,1.0
2024-09-30 15:02:00,2614.3,1.0001
2024-09-30 15:03:00,2614.58,1.0001
2024-09-30 15:04:00,2615.68,1.0001
2024-09-30 15:05:00,2617.1,1.0
2024-09-30 15:06:00,2615.01,1.0
2024-09-30 15:07:00,2615.67,1.0
2024-09-30 15:08:00,2614.91,1.0
2024-09-30 15:09:00,2609.41,1.0001
2024-09-30 15:10:00,2610.38,1.0
2024-09-30 15:11:00,2610.33,1.0
2024-09-30 15:12:00,2614.3,1.0001
2024-09-30 15:13:00,2614.62,1.0
2024-09-30 15:14:00,2616.5,1.0001
2024-09-30 15:15:00,2616.94,1.0001
2024-09-30 15:16:00,2620.71,1.0
2024-09-30 15:17:00,2619.99,1.0001
2024-09-30 15:18:00,2620.1,1.0001
2024-09-30 15:19:00,2618.12,1.0
2024-09-30 15:20:00,2619.52,1.0001
2024-09-30 15:21:00,2619.13,1.0001
2024-09-30 15:22:00,2622.49,1.0001
2024-09-30 15:23:00,2621.8,1.0001
2024-09-30 15:24:00,2619.99,1.0001
2024-09-30 15:25:00,2620.02,1.0
2024-09-30 15:26:00,2619.11,1.0
2024-09-30 15:27:00,2618.91,1.0
2024-09-30 15:28:00,2617.12,1.0001
2024-09-30 15:29:00,2616.01,1.0
2024-09-30 15:30:00,2617.0,1.0001
2024-09-30 15:31:00,2619.01,1.0001
2024-09-30 15:32:00,2616.15,1.0001
2024-09-30 15:33:00,2615.69,1.0001
2024-09-30 15:34:00,2615.05,1.0
2024-09-30 15:35:00,2614.17,1.0001
2024-09-30 15:36:00,2613.02,1.0001
2024-09-30 15:37:00,2611.33,1.0001
2024-09-30 15:38:00,2610.31,1.0001
2024-09-30 15:39:00,2609.52,1.0
2024-09-30 15:40:00,2606.14,1.0
2024-09-30 15:41:00,2603.21,1.0
2024-09-30 15:42:00,2606.9,1.0
2024-09-30 15:43:00,2609.63,1.0
2024-09-30 15:44:00,2611.57,0.9999
2024-09-30 15:45:00,2610.0,1.0
2024-09-30 15:46:00,2609.62,1.0
2024-09-30 15:47:00,2613.0,1.0
2024-09-30 15:48:00,2611.79,0.9999
2024-09-30 15:49:00,2611.47,1.0
2024-09-30 15:50:00,2609.28,1.0
2024-09-30 15:51:00,2608.06,0.9999
2024-09-30 15:52:00,2606.36,0.9999
2024-09-30 15:53:00,2607.9,1.0
2024-09-30 15:54:00,2607.19,1.0
2024-09-30 15:55:00,2606.36,1.0
2024-09-30 15:56:00,2602.19,0.9999
2024-09-30 15:57:00,2601.16,0.9999
2024-09-30 15:58:00,2597.05,0.9999
2024-09-30 15:59:00,2598.64,0.9999
2024-09-30 16:00:00,2595.99,1.0001
2024-09-30 16:01:00,2596.42,1.0001
2024-09-30 16:02:00,2600.97,1.0
2024-09-30 16:03:00,2603.14,1.0
2024-09-30 16:04:00,2600.67,1.0001
2024-09-30 16:05:00,2604.5,1.0
2024-09-30 16:06:00,2602.99,1.0
2024-09-30 16:07:00,2606.86,0.9999
2024-09-30 16:08:00,2605.99,1.0
2024-09-30 16:09:00,2606.0,0.9999
2024-09-30 16:10:00,2603.45,0.9999
2024-09-30 16:11:00,2605.49,0.9999
2024-09-30 16:12:00,2604.9,0.9999
2024-09-30 16:13:00,2603.99,1.0
2024-09-30 16:14:00,2604.91,0.9999
2024-09-30 16:15:00,2604.99,1.0
2024-09-30 16:16:00,2606.5,1.0001
2024-09-30 16:17:00,2605.47,1.0
2024-09-30 16:18:00,2607.38,1.0
2024-09-30 16:19:00,2605.7,1.0
2024-09-30 16:20:00,2605.36,1.0001
2024-09-30 16:21:00,2603.87,1.0001
2024-09-30 16:22:00,2604.38,1.0
2024-09-30 16:23:00,2607.84,1.0001
2024-09-30 16:24:00,2606.24,1.0
2024-09-30 16:25:00,2608.26,1.0
2024-09-30 16:26:00,2609.02,1.0
2024-09-30 16:27:00,2608.94,1.0
2024-09-30 16:28:00,2608.99,1.0
2024-09-30 16:29:00,2608.65,1.0001
2024-09-30 16:30:00,2608.12,1.0001
2024-09-30 16:31:00,2608.9,1.0
2024-09-30 16:32:00,2607.0,1.0
2024-09-30 16:33:00,2604.15,1.0
2024-09-30 16:34:00,2605.89,1.0001
2024-09-30 16:35:00,2606.81,1.0001
2024-09-30 16:36:00,2608.14,1.0
2024-09-30 16:37:00,2608.64,1.0001
2024-09-30 16:38:00,2607.49,1.0001
2024-09-30 16:39:00,2605.66,1.0
2024-09-30 16:40:00,2601.22,1.0
2024-09-30 16:41:00,2600.4,1.0
2024-09-30 16:42:00,2602.87,1.0001
2024-09-30 16:43:00,2601.97,1.0
2024-09-30 16:44:00,2603.28,1.0
2024-09-30 16:45:00,2602.99,1.0001
2024-09-30 16:46:00,2603.8,1.0001
2024-09-30 16:47:00,2603.85,1.0001
2024-09-30 16:48:00,2604.65,1.0
2024-09-30 16:49:00,2605.37,1.0001
2024-09-30 16:50:00,2606.41,1.0001
2024-09-30 16:51:00,2606.81,1.0001
2024-09-30 16:52:00,2603.45,1.0
2024-09-30 16:53:00,2602.81,1.0001
2024-09-30 16:54:00,2603.36,1.0001
2024-09-30 16:55:00,2603.54,1.0
2024-09-30 16:56:00,2605.59,1.0001
2024-09-30 16:57:00,2605.0,1.0001
2024-09-30 16:58:00,2604.29,1.0001
2024-09-30 16:59:00,2604.01,1.0
2024-09-30 17:00:00,2603.6,1.0001
2024-09-30 17:01:00,2604.91,1.0001
2024-09-30 17:02:00,2604.0,1.0001
2024-09-30 17:03:00,2602.4,1.0001
2024-09-30 17:04:00,2606.36,1.0001
2024-09-30 17:05:00,2604.05,1.0001
2024-09-30 17:06:00,2604.82,1.0002
2024-09-30 17:07:00,2602.06,1.0001
2024-09-30 17:08:00,2602.25,1.0002
2024-09-30 17:09:00,2602.3,1.0001
2024-09-30 17:10:00,2600.0,1.0002
2024-09-30 17:11:00,2602.49,1.0001
2024-09-30 17:12:00,2601.93,1.0001
2024-09-30 17:13:00,2602.31,1.0001
2024-09-30 17:14:00,2602.35,1.0002
2024-09-30 17:15:00,2602.7,1.0001
2024-09-30 17:16:00,2602.27,1.0001
2024-09-30 17:17:00,2601.02,1.0001
2024-09-30 17:18:00,2603.36,1.0001
2024-09-30 17:19:00,2605.66,1.0002
2024-09-30 17:20:00,2605.05,1.0001
2024-09-30 17:21:00,2605.65,1.0001
2024-09-30 17:22:00,2604.63,1.0002
2024-09-30 17:23:00,2606.69,1.0002
2024-09-30 17:24:00,2606.69,1.0002
2024-09-30 17:25:00,2605.61,1.0002
2024-09-30 17:26:00,2604.63,1.0002
2024-09-30 17:27:00,2604.4,1.0001
2024-09-30 17:28:00,2603.76,1.0001
2024-09-30 17:29:00,2601.62,1.0002
2024-09-30 17:30:00,2598.28,1.0001
2024-09-30 17:31:00,2598.23,1.0001
2024-09-30 17:32:00,2595.75,1.0001
2024-09-30 17:33:00,2591.94,1.0001
2024-09-30 17:34:00,2595.28,1.0002
2024-09-30 17:35:00,2596.33,1.0002
2024-09-30 17:36:00,2597.0,1.0002
2024-09-30 17:37:00,2598.59,1.0002
2024-09-30 17:38:00,2598.99,1.0002
2024-09-30 17:39:00,2602.59,1.0001
2024-09-30 17:40:00,2603.7,1.0002
2024-09-30 17:41:00,2605.35,1.0001
2024-09-30 17:42:00,2604.65,1.0001
2024-09-30 17:43:00,2604.49,1.0001
2024-09-30 17:44:00,2602.93,1.0002
2024-09-30 17:45:00,2603.99,1.0001
2024-09-30 17:46:00,2603.93,1.0002
2024-09-30 17:47:00,2605.14,1.0002
2024-09-30 17:48:00,2603.87,1.0001
2024-09-30 17:49:00,2604.49,1.0002
2024-09-30 17:50:00,2604.37,1.0001
2024-09-30 17:51:00,2605.36,1.0001
2024-09-30 17:52:00,2605.77,1.0001
2024-09-30 17:53:00,2605.37,1.0003
2024-09-30 17:54:00,2605.0,1.0001
2024-09-30 17:55:00,2604.98,1.0002
2024-09-30 17:56:00,2604.21,1.0002
2024-09-30 17:57:00,2604.0,1.0001
2024-09-30 17:58:00,2604.16,1.0002
2024-09-30 17:59:00,2605.5,1.0002
2024-09-30 18:00:00,2609.38,1.0002
2024-09-30 18:01:00,2609.46,1.0002
2024-09-30 18:02:00,2606.39,1.0002
2024-09-30 18:03:00,2609.0,1.0003
2024-09-30 18:04:00,2607.22,1.0002
2024-09-30 18:05:00,2607.38,1.0002
2024-09-30 18:06:00,2605.57,1.0003
2024-09-30 18:07:00,2601.22,1.0003
2024-09-30 18:08:00,2599.28,1.0002
2024-09-30 18:09:00,2600.99,1.0002
2024-09-30 18:10:00,2600.21,1.0002
2024-09-30 18:11:00,2599.33,1.0002
2024-09-30 18:12:00,2595.5,1.0001
2024-09-30 18:13:00,2597.99,1.0001
2024-09-30 18:14:00,2594.57,1.0001
2024-09-30 18:15:00,2597.33,1.0001
2024-09-30 18:16:00,2595.16,1.0002
2024-09-30 18:17:00,2594.9,1.0002
2024-09-30 18:18:00,2587.63,1.0002
2024-09-30 18:19:00,2589.01,1.0002
2024-09-30 18:20:00,2587.02,1.0002
2024-09-30 18:21:00,2583.51,1.0002
2024-09-30 18:22:00,2581.41,1.0002
2024-09-30 18:23:00,2583.87,1.0002
2024-09-30 18:24:00,2584.37,1.0002
2024-09-30 18:25:00,2586.49,1.0001
2024-09-30 18:26:00,2588.54,1.0001
2024-09-30 18:27:00,2585.99,1.0002
2024-09-30 18:28:00,2584.22,1.0002
2024-09-30 18:29:00,2585.9,1.0002
2024-09-30 18:30:00,2582.5,1.0001
2024-09-30 18:31:00,2579.9,1.0002
2024-09-30 18:32:00,2578.65,1.0002
2024-09-30 18:33:00,2580.69,1.0002
2024-09-30 18:34:00,2582.5,1.0002
2024-09-30 18:35:00,2582.1,1.0003
2024-09-30 18:36:00,2580.41,1.0003
2024-09-30 18:37:00,2582.42,1.0002
2024-09-30 18:38:00,2584.5,1.0002
2024-09-30 18:39:00,2584.9,1.0002
2024-09-30 18:40:00,2584.26,1.0003
2024-09-30 18:41:00,2585.9,1.0002
2024-09-30 18:42:00,2585.06,1.0002
2024-09-30 18:43:00,2585.18,1.0003
2024-09-30 18:44:00,2581.78,1.0002
2024-09-30 18:45:00,2583.75,1.0003
2024-09-30 18:46:00,2589.49,1.0002
2024-09-30 18:47:00,2590.3,1.0003
2024-09-30 18:48:00,2588.92,1.0002
2024-09-30 18:49:00,2588.49,1.0002
2024-09-30 18:50:00,2586.77,1.0002
2024-09-30 18:51:00,2588.88,1.0002
2024-09-30 18:52:00,2588.53,1.0003
2024-09-30 18:53:00,2587.13,1.0002
2024-09-30 18:54:00,2589.98,1.0003
2024-09-30 18:55:00,2591.5,1.0002
2024-09-30 18:56:00,2591.41,1.0002
2024-09-30 18:57:00,2589.99,1.0003
2024-09-30 18:58:00,2590.01,1.0003
2024-09-30 18:59:00,2590.25,1.0003
2024-09-30 19:00:00,2589.09,1.0002
2024-09-30 19:01:00,2588.99,1.0002
2024-09-30 19:02:00,2587.7,1.0002
2024-09-30 19:03:00,2589.99,1.0003
2024-09-30 19:04:00,2590.16,1.0003
2024-09-30 19:05:00,2590.99,1.0003
2024-09-30 19:06:00,2589.8,1.0003
2024-09-30 19:07:00,2590.36,1.0002
2024-09-30 19:08:00,2591.38,1.0002
2024-09-30 19:09:00,2590.67,1.0002
2024-09-30 19:10:00,2590.99,1.0003
2024-09-30 19:11:00,2590.35,1.0002
2024-09-30 19:12:00,2586.43,1.0003
2024-09-30 19:13:00,2586.62,1.0003
2024-09-30 19:14:00,2587.13,1.0003
2024-09-30 19:15:00,2584.44,1.0002
2024-09-30 19:16:00,2584.88,1.0003
2024-09-30 19:17:00,2587.5,1.0002
2024-09-30 19:18:00,2587.85,1.0003
2024-09-30 19:19:00,2589.19,1.0003
2024-09-30 19:20:00,2589.29,1.0002
2024-09-30 19:21:00,2589.57,1.0002
2024-09-30 19:22:00,2589.6,1.0002
2024-09-30 19:23:00,2590.28,1.0003
2024-09-30 19:24:00,2588.21,1.0003
2024-09-30 19:25:00,2589.19,1.0003
2024-09-30 19:26:00,2588.92,1.0003
2024-09-30 19:27:00,2590.06,1.0003
2024-09-30 19:28:00,2589.78,1.0003
2024-09-30 19:29:00,2588.88,1.0003
2024-09-30 19:30:00,2591.0,1.0003
2024-09-30 19:31:00,2593.45,1.0003
2024-09-30 19:32:00,2592.0,1.0003
2024-09-30 19:33:00,2593.06,1.0003
2024-09-30 19:34:00,2591.08,1.0003
2024-09-30 19:35:00,2589.52,1.0003
2024-09-30 19:36:00,2587.4,1.0003
2024-09-30 19:37:00,2589.09,1.0003
2024-09-30 19:38:00,2597.68,1.0003
2024-09-30 19:39:00,2596.5,1.0003
2024-09-30 19:40:00,2597.39,1.0003
2024-09-30 19:41:00,2594.81,1.0003
2024-09-30 19:42:00,2594.31,1.0003
2024-09-30 19:43:00,2594.18,1.0003
2024-09-30 19:44:00,2593.65,1.0003
2024-09-30 19:45:00,2594.98,1.0003
2024-09-30 19:46:00,2597.33,1.0003
2024-09-30 19:47:00,2596.65,1.0002
2024-09-30 19:48:00,2598.33,1.0003
2024-09-30 19:49:00,2598.29,1.0003
2024-09-30 19:50:00,2596.7,1.0003
2024-09-30 19:51:00,2600.9,1.0002
2024-09-30 19:52:00,2600.9,1.0003
2024-09-30 19:53:00,2597.38,1.0002
2024-09-30 19:54:00,2596.78,1.0003
2024-09-30 19:55:00,2597.0,1.0003
2024-09-30 19:56:00,2596.0,1.0003
2024-09-30 19:57:00,2596.49,1.0003
2024-09-30 19:58:00,2597.5,1.0003
2024-09-30 19:59:00,2599.33,1.0003
2024-09-30 20:00:00,2595.31,1.0003
2024-09-30 20:01:00,2594.49,1.0003
2024-09-30 20:02:00,2596.33,1.0002
2024-09-30 20:03:00,2599.17,1.0003
2024-09-30 20:04:00,2597.9,1.0003
2024-09-30 20:05:00,2598.34,1.0003
2024-09-30 20:06:00,2600.86,1.0002
2024-09-30 20:07:00,2601.76,1.0002
2024-09-30 20:08:00,2603.36,1.0003
2024-09-30 20:09:00,2604.81,1.0003
2024-09-30 20:10:00,2605.49,1.0003
2024-09-30 20:11:00,2603.84,1.0002
2024-09-30 20:12:00,2601.97,1.0003
2024-09-30 20:13:00,2603.44,1.0002
2024-09-30 20:14:00,2604.99,1.0002
2024-09-30 20:15:00,2604.07,1.0003
2024-09-30 20:16:00,2605.46,1.0003
2024-09-30 20:17:00,2604.56,1.0002
2024-09-30 20:18:00,2606.9,1.0002
2024-09-30 20:19:00,2606.81,1.0002
2024-09-30 20:20:00,2607.15,1.0003
2024-09-30 20:21:00,2607.51,1.0002
2024-09-30 20:22:00,2608.99,1.0003
2024-09-30 20:23:00,2610.93,1.0003
2024-09-30 20:24:00,2607.63,1.0002
2024-09-30 20:25:00,2608.05,1.0002
2024-09-30 20:26:00,2607.89,1.0003
2024-09-30 20:27:00,2608.81,1.0002
2024-09-30 20:28:00,2610.01,1.0002
2024-09-30 20:29:00,2610.8,1.0002
2024-09-30 20:30:00,2610.86,1.0002
2024-09-30 20:31:00,2610.2,1.0002
2024-09-30 20:32:00,2609.03,1.0003
2024-09-30 20:33:00,2613.58,1.0003
2024-09-30 20:34:00,2614.38,1.0002
2024-09-30 20:35:00,2614.51,1.0002
2024-09-30 20:36:00,2615.12,1.0003
2024-09-30 20:37:00,2614.7,1.0002
2024-09-30 20:38:00,2614.81,1.0002
2024-09-30 20:39:00,2615.21,1.0002
2024-09-30 20:40:00,2615.64,1.0002
2024-09-30 20:41:00,2615.7,1.0003
2024-09-30 20:42:00,2614.78,1.0002
2024-09-30 20:43:00,2614.5,1.0002
2024-09-30 20:44:00,2612.96,1.0002
2024-09-30 20:45:00,2613.34,1.0003
2024-09-30 20:46:00,2612.61,1.0003
2024-09-30 20:47:00,2614.23,1.0002
2024-09-30 20:48:00,2612.81,1.0002
2024-09-30 20:49:00,2613.86,1.0002
2024-09-30 20:50:00,2613.85,1.0003
2024-09-30 20:51:00,2613.26,1.0003
2024-09-30 20:52:00,2613.97,1.0002
2024-09-30 20:53:00,2615.34,1.0003
2024-09-30 20:54:00,2616.65,1.0003
2024-09-30 20:55:00,2615.87,1.0002
2024-09-30 20:56:00,2616.19,1.0002
2024-09-30 20:57:00,2613.55,1.0002
2024-09-30 20:58:00,2614.6,1.0002
2024-09-30 20:59:00,2614.61,1.0002
2024-09-30 21:00:00,2614.41,1.0002
2024-09-30 21:01:00,2612.78,1.0002
2024-09-30 21:02:00,2612.6,1.0003
2024-09-30 21:03:00,2612.09,1.0002
2024-09-30 21:04:00,2612.09,1.0002
2024-09-30 21:05:00,2611.9,1.0003
2024-09-30 21:06:00,2611.9,1.0003
2024-09-30 21:07:00,2611.21,1.0002
2024-09-30 21:08:00,2612.39,1.0002
2024-09-30 21:09:00,2614.8,1.0002
2024-09-30 21:10:00,2613.48,1.0002
2024-09-30 21:11:00,2613.52,1.0002
2024-09-30 21:12:00,2611.31,1.0002
2024-09-30 21:13:00,2611.2,1.0002
2024-09-30 21:14:00,2611.11,1.0003
2024-09-30 21:15:00,2611.11,1.0002
2024-09-30 21:16:00,2611.77,1.0002
2024-09-30 21:17:00,2611.69,1.0003
2024-09-30 21:18:00,2611.69,1.0003
2024-09-30 21:19:00,2611.8,1.0003
2024-09-30 21:20:00,2610.81,1.0003
2024-09-30 21:21:00,2611.49,1.0002
2024-09-30 21:22:00,2611.49,1.0002
2024-09-30 21:23:00,2611.49,1.0003
2024-09-30 21:24:00,2612.25,1.0002
2024-09-30 21:25:00,2612.38,1.0002
2024-09-30 21:26:00,2611.88,1.0002
2024-09-30 21:27:00,2612.18,1.0003
2024-09-30 21:28:00,2612.3,1.0002
2024-09-30 21:29:00,2612.69,1.0003
2024-09-30 21:30:00,2614.18,1.0002
2024-09-30 21:31:00,2615.68,1.0002
2024-09-30 21:32:00,2614.99,1.0002
2024-09-30 21:33:00,2614.7,1.0002
2024-09-30 21:34:00,2614.7,1.0002
2024-09-30 21:35:00,2614.71,1.0003
2024-09-30 21:36:00,2613.49,1.0002
2024-09-30 21:37:00,2612.12,1.0002
2024-09-30 21:38:00,2612.11,1.0002
2024-09-30 21:39:00,2611.61,1.0002
2024-09-30 21:40:00,2609.9,1.0003
2024-09-30 21:41:00,2611.0,1.0003
2024-09-30 21:42:00,2610.25,1.0003
2024-09-30 21:43:00,2608.92,1.0003
2024-09-30 21:44:00,2604.89,1.0003
2024-09-30 21:45:00,2605.05,1.0002
2024-09-30 21:46:00,2606.56,1.0003
2024-09-30 21:47:00,2608.66,1.0002
2024-09-30 21:48:00,2609.55,1.0002
2024-09-30 21:49:00,2609.03,1.0002
2024-09-30 21:50:00,2609.04,1.0002
2024-09-30 21:51:00,2609.89,1.0002
2024-09-30 21:52:00,2609.78,1.0002
2024-09-30 21:53:00,2610.77,1.0003
2024-09-30 21:54:00,2610.99,1.0003
2024-09-30 21:55:00,2610.62,1.0003
2024-09-30 21:56:00,2611.81,1.0002
2024-09-30 21:57:00,2612.56,1.0003
2024-09-30 21:58:00,2612.14,1.0002
2024-09-30 21:59:00,2611.67,1.0002
2024-09-30 22:00:00,2610.54,1.0003
2024-09-30 22:01:00,2612.29,1.0003
2024-09-30 22:02:00,2609.69,1.0002
2024-09-30 22:03:00,2608.01,1.0002
2024-09-30 22:04:00,2610.7,1.0003
2024-09-30 22:05:00,2613.27,1.0002
2024-09-30 22:06:00,2611.6,1.0002
2024-09-30 22:07:00,2610.98,1.0003
2024-09-30 22:08:00,2612.06,1.0002
2024-09-30 22:09:00,2612.18,1.0002
2024-09-30 22:10:00,2613.0,1.0003
2024-09-30 22:11:00,2611.28,1.0002
2024-09-30 22:12:00,2611.49,1.0002
2024-09-30 22:13:00,2611.28,1.0003
2024-09-30 22:14:00,2610.33,1.0002
2024-09-30 22:15:00,2611.0,1.0002
2024-09-30 22:16:00,2607.25,1.0002
2024-09-30 22:17:00,2606.5,1.0002
2024-09-30 22:18:00,2605.53,1.0002
2024-09-30 22:19:00,2605.5,1.0002
2024-09-30 22:20:00,2606.06,1.0003
2024-09-30 22:21:00,2606.9,1.0003
2024-09-30 22:22:00,2608.75,1.0002
2024-09-30 22:23:00,2612.61,1.0003
2024-09-30 22:24:00,2612.48,1.0002
2024-09-30 22:25:00,2610.0,1.0002
2024-09-30 22:26:00,2608.5,1.0002
2024-09-30 22:27:00,2606.2,1.0002
2024-09-30 22:28:00,2606.48,1.0002
2024-09-30 22:29:00,2606.49,1.0002
2024-09-30 22:30:00,2604.87,1.0002
2024-09-30 22:31:00,2605.12,1.0002
2024-09-30 22:32:00,2605.78,1.0002
2024-09-30 22:33:00,2608.19,1.0002
2024-09-30 22:34:00,2609.38,1.0003
2024-09-30 22:35:00,2609.76,1.0002
2024-09-30 22:36:00,2608.74,1.0002
2024-09-30 22:37:00,2610.26,1.0002
2024-09-30 22:38:00,2608.59,1.0003
2024-09-30 22:39:00,2605.3,1.0002
2024-09-30 22:40:00,2605.97,1.0002
2024-09-30 22:41:00,2606.2,1.0003
2024-09-30 22:42:00,2607.38,1.0003
2024-09-30 22:43:00,2605.69,1.0002
2024-09-30 22:44:00,2606.02,1.0002
2024-09-30 22:45:00,2606.21,1.0003
2024-09-30 22:46:00,2606.34,1.0002
2024-09-30 22:47:00,2608.0,1.0003
2024-09-30 22:48:00,2608.4,1.0002
2024-09-30 22:49:00,2607.72,1.0003
2024-09-30 22:50:00,2607.7,1.0002
2024-09-30 22:51:00,2606.01,1.0002
2024-09-30 22:52:00,2607.21,1.0003
2024-09-30 22:53:00,2606.46,1.0002
2024-09-30 22:54:00,2606.79,1.0003
2024-09-30 22:55:00,2607.34,1.0002
2024-09-30 22:56:00,2606.71,1.0003
2024-09-30 22:57:00,2604.91,1.0003
2024-09-30 22:58:00,2603.18,1.0002
2024-09-30 22:59:00,2602.66,1.0002
2024-09-30 23:00:00,2602.39,1.0002
2024-09-30 23:01:00,2596.48,1.0001
2024-09-30 23:02:00,2593.66,1.0002
2024-09-30 23:03:00,2590.27,1.0002
2024-09-30 23:04:00,2595.57,1.0001
2024-09-30 23:05:00,2599.24,1.0001
2024-09-30 23:06:00,2597.92,1.0002
2024-09-30 23:07:00,2602.43,1.0002
2024-09-30 23:08:00,2605.89,1.0002
2024-09-30 23:09:00,2609.19,1.0002
2024-09-30 23:10:00,2608.49,1.0001
2024-09-30 23:11:00,2608.43,1.0002
2024-09-30 23:12:00,2609.06,1.0001
2024-09-30 23:13:00,2607.43,1.0002
2024-09-30 23:14:00,2608.91,1.0002
2024-09-30 23:15:00,2608.0,1.0002
2024-09-30 23:16:00,2606.09,1.0002
2024-09-30 23:17:00,2606.99,1.0001
2024-09-30 23:18:00,2607.38,1.0001
2024-09-30 23:19:00,2608.25,1.0002
2024-09-30 23:20:00,2608.5,1.0001
2024-09-30 23:21:00,2606.71,1.0002
2024-09-30 23:22:00,2603.2,1.0001
2024-09-30 23:23:00,2601.85,1.0002
2024-09-30 23:24:00,2599.34,1.0001
2024-09-30 23:25:00,2602.3,1.0001
2024-09-30 23:26:00,2602.81,1.0001
2024-09-30 23:27:00,2603.9,1.0002
2024-09-30 23:28:00,2601.34,1.0001
2024-09-30 23:29:00,2601.35,1.0001
2024-09-30 23:30:00,2601.5,1.0001
2024-09-30 23:31:00,2599.45,1.0001
2024-09-30 23:32:00,2598.61,1.0001
2024-09-30 23:33:00,2595.84,1.0001
2024-09-30 23:34:00,2589.5,1.0001
2024-09-30 23:35:00,2590.61,1.0001
2024-09-30 23:36:00,2592.62,1.0001
2024-09-30 23:37:00,2592.72,1.0002
2024-09-30 23:38:00,2590.99,1.0002
2024-09-30 23:39:00,2587.89,1.0001
2024-09-30 23:40:00,2587.01,1.0002
2024-09-30 23:41:00,2586.49,1.0001
2024-09-30 23:42:00,2581.99,1.0001
2024-09-30 23:43:00,2579.53,1.0001
2024-09-30 23:44:00,2586.08,1.0001
2024-09-30 23:45:00,2584.33,1.0002
2024-09-30 23:46:00,2590.49,1.0001
2024-09-30 23:47:00,2597.0,1.0002
2024-09-30 23:48:00,2595.41,1.0002
2024-09-30 23:49:00,2593.9,1.0002
2024-09-30 23:50:00,2595.21,1.0001
2024-09-30 23:51:00,2595.9,1.0002
2024-09-30 23:52:00,2597.32,1.0002
2024-09-30 23:53:00,2596.5,1.0001
2024-09-30 23:54:00,2597.0,1.0001
2024-09-30 23:55:00,2598.61,1.0002
2024-09-30 23:56:00,2600.24,1.0002
2024-09-30 23:57:00,2602.36,1.0001
2024-09-30 23:58:00,2603.39,1.0002
2024-09-30 23:59:00,2603.98,1.0002
2024-10-01 00:00:00,2602.24,1.0001
2024-10-01 00:01:00,2605.92,1.0003
2024-10-01 00:02:00,2603.5,1.0003
2024-10-01 00:03:00,2602.79,1.0002
2024-10-01 00:04:00,2601.78,1.0003
2024-10-01 00:05:00,2603.04,1.0003
2024-10-01 00:06:00,2603.13,1.0003
2024-10-01 00:07:00,2606.21,1.0002
2024-10-01 00:08:00,2607.44,1.0003
2024-10-01 00:09:00,2605.67,1.0003
2024-10-01 00:10:00,2607.03,1.0002
2024-10-01 00:11:00,2606.06,1.0002
2024-10-01 00:12:00,2604.39,1.0002
2024-10-01 00:13:00,2605.04,1.0003
2024-10-01 00:14:00,2604.39,1.0003
2024-10-01 00:15:00,2606.27,1.0002
2024-10-01 00:16:00,2602.09,1.0003
2024-10-01 00:17:00,2599.06,1.0002
2024-10-01 00:18:00,2603.4,1.0003
2024-10-01 00:19:00,2600.49,1.0003
2024-10-01 00:20:00,2599.8,1.0002
2024-10-01 00:21:00,2599.0,1.0002
2024-10-01 00:22:00,2593.31,1.0002
2024-10-01 00:23:00,2594.49,1.0003
2024-10-01 00:24:00,2598.56,1.0002
2024-10-01 00:25:00,2601.49,1.0003
2024-10-01 00:26:00,2607.99,1.0003
2024-10-01 00:27:00,2609.89,1.0002
2024-10-01 00:28:00,2610.74,1.0003
2024-10-01 00:29:00,2610.95,1.0003
2024-10-01 00:30:00,2611.75,1.0003
2024-10-01 00:31:00,2611.58,1.0003
2024-10-01 00:32:00,2612.96,1.0003
2024-10-01 00:33:00,2610.68,1.0004
2024-10-01 00:34:00,2610.18,1.0003
2024-10-01 00:35:00,2608.49,1.0004
2024-10-01 00:36:00,2610.87,1.0004
2024-10-01 00:37:00,2612.74,1.0004
2024-10-01 00:38:00,2613.63,1.0003
2024-10-01 00:39:00,2611.7,1.0003
2024-10-01 00:40:00,2610.83,1.0003
2024-10-01 00:41:00,2612.87,1.0004
2024-10-01 00:42:00,2612.52,1.0004
2024-10-01 00:43:00,2610.83,1.0003
2024-10-01 00:44:00,2613.39,1.0004
2024-10-01 00:45:00,2611.8,1.0004
2024-10-01 00:46:00,2612.72,1.0004
2024-10-01 00:47:00,2613.71,1.0004
2024-10-01 00:48:00,2613.5,1.0004
2024-10-01 00:49:00,2614.49,1.0003
2024-10-01 00:50:00,2613.84,1.0004
2024-10-01 00:51:00,2620.12,1.0004
2024-10-01 00:52:00,2621.69,1.0004
2024-10-01 00:53:00,2621.91,1.0004
2024-10-01 00:54:00,2618.99,1.0004
2024-10-01 00:55:00,2619.0,1.0005
2024-10-01 00:56:00,2620.0,1.0004
2024-10-01 00:57:00,2621.02,1.0004
2024-10-01 00:58:00,2620.27,1.0005
2024-10-01 00:59:00,2619.63,1.0005
2024-10-01 01:00:00,2618.82,1.0004
2024-10-01 01:01:00,2619.93,1.0004
2024-10-01 01:02:00,2616.72,1.0005
2024-10-01 01:03:00,2619.42,1.0004
2024-10-01 01:04:00,2620.46,1.0005
2024-10-01 01:05:00,2625.48,1.0004
2024-10-01 01:06:00,2624.99,1.0005
2024-10-01 01:07:00,2627.07,1.0004
2024-10-01 01:08:00,2627.49,1.0004
2024-10-01 01:09:00,2627.24,1.0004
2024-10-01 01:10:00,2624.41,1.0004
2024-10-01 01:11:00,2626.99,1.0003
2024-10-01 01:12:00,2626.59,1.0004
2024-10-01 01:13:00,2626.83,1.0003
2024-10-01 01:14:00,2623.55,1.0003
2024-10-01 01:15:00,2624.45,1.0004
2024-10-01 01:16:00,2623.63,1.0004
2024-10-01 01:17:00,2625.8,1.0003
2024-10-01 01:18:00,2627.46,1.0004
2024-10-01 01:19:00,2625.72,1.0004
2024-10-01 01:20:00,2623.98,1.0004
2024-10-01 01:21:00,2624.5,1.0004
2024-10-01 01:22:00,2625.22,1.0003
2024-10-01 01:23:00,2624.44,1.0004
2024-10-01 01:24:00,2623.83,1.0004
2024-10-01 01:25:00,2623.84,1.0003
2024-10-01 01:26:00,2623.48,1.0004
2024-10-01 01:27:00,2623.21,1.0004
2024-10-01 01:28:00,2623.45,1.0004
2024-10-01 01:29:00,2625.99,1.0003
2024-10-01 01:30:00,2626.56,1.0003
2024-10-01 01:31:00,2627.65,1.0003
2024-10-01 01:32:00,2626.6,1.0003
2024-10-01 01:33:00,2626.18,1.0004
2024-10-01 01:34:00,2625.69,1.0003
2024-10-01 01:35:00,2626.45,1.0003
2024-10-01 01:36:00,2624.69,1.0004
2024-10-01 01:37:00,2626.52,1.0003
2024-10-01 01:38:00,2624.5,1.0003
2024-10-01 01:39:00,2625.0,1.0004
2024-10-01 01:40:00,2623.8,1.0004
2024-10-01 01:41:00,2625.32,1.0004
2024-10-01 01:42:00,2623.5,1.0004
2024-10-01 01:43:00,2624.2,1.0003
2024-10-01 01:44:00,2625.43,1.0004
2024-10-01 01:45:00,2625.59,1.0004
2024-10-01 01:46:00,2622.83,1.0003
2024-10-01 01:47:00,2626.3,1.0004
2024-10-01 01:48:00,2625.12,1.0004
2024-10-01 01:49:00,2625.79,1.0004
2024-10-01 01:50:00,2623.78,1.0003
2024-10-01 01:51:00,2622.62,1.0004
2024-10-01 01:52:00,2622.12,1.0003
2024-10-01 01:53:00,2620.77,1.0004
2024-10-01 01:54:00,2620.01,1.0004
2024-10-01 01:55:00,2620.4,1.0004
2024-10-01 01:56:00,2621.2,1.0004
2024-10-01 01:57:00,2619.91,1.0004
2024-10-01 01:58:00,2620.9,1.0004
2024-10-01 01:59:00,2621.32,1.0004
2024-10-01 02:00:00,2621.62,1.0004
2024-10-01 02:01:00,2619.27,1.0004
2024-10-01 02:02:00,2619.03,1.0004
2024-10-01 02:03:00,2619.91,1.0004
2024-10-01 02:04:00,2617.43,1.0003
2024-10-01 02:05:00,2614.88,1.0004
2024-10-01 02:06:00,2615.38,1.0004
2024-10-01 02:07:00,2612.5,1.0003
2024-10-01 02:08:00,2614.49,1.0003
2024-10-01 02:09:00,2616.2,1.0004
2024-10-01 02:10:00,2614.85,1.0003
2024-10-01 02:11:00,2614.88,1.0004
2024-10-01 02:12:00,2613.39,1.0005
2024-10-01 02:13:00,2611.99,1.0004
2024-10-01 02:14:00,2611.21,1.0005
2024-10-01 02:15:00,2610.81,1.0005
2024-10-01 02:16:00,2609.5,1.0005
2024-10-01 02:17:00,2611.88,1.0005
2024-10-01 02:18:00,2612.81,1.0005
2024-10-01 02:19:00,2613.35,1.0005
2024-10-01 02:20:00,2611.7,1.0004
2024-10-01 02:21:00,2612.39,1.0005
2024-10-01 02:22:00,2611.83,1.0004
2024-10-01 02:23:00,2612.02,1.0005
2024-10-01 02:24:00,2615.0,1.0005
2024-10-01 02:25:00,2616.41,1.0004
2024-10-01 02:26:00,2617.0,1.0005
2024-10-01 02:27:00,2616.49,1.0004
2024-10-01 02:28:00,2618.04,1.0005
2024-10-01 02:29:00,2617.03,1.0004
2024-10-01 02:30:00,2615.64,1.0005
2024-10-01 02:31:00,2618.0,1.0005
2024-10-01 02:32:00,2617.16,1.0005
2024-10-01 02:33:00,2619.59,1.0005
2024-10-01 02:34:00,2617.04,1.0005
2024-10-01 02:35:00,2617.87,1.0005
2024-10-01 02:36:00,2616.51,1.0005
2024-10-01 02:37:00,2616.8,1.0005
2024-10-01 02:38:00,2615.81,1.0004
2024-10-01 02:39:00,2615.83,1.0004
2024-10-01 02:40:00,2615.21,1.0005
2024-10-01 02:41:00,2616.8,1.0005
2024-10-01 02:42:00,2617.09,1.0004
2024-10-01 02:43:00,2617.0,1.0004
2024-10-01 02:44:00,2616.67,1.0004
2024-10-01 02:45:00,2615.69,1.0005
2024-10-01 02:46:00,2615.0,1.0005
2024-10-01 02:47:00,2614.0,1.0005
2024-10-01 02:48:00,2613.01,1.0005
2024-10-01 02:49:00,2613.34,1.0005
2024-10-01 02:50:00,2614.03,1.0005
2024-10-01 02:51:00,2613.97,1.0005
2024-10-01 02:52:00,2613.47,1.0005
2024-10-01 02:53:00,2614.52,1.0005
2024-10-01 02:54:00,2615.31,1.0005
2024-10-01 02:55:00,2617.65,1.0004
2024-10-01 02:56:00,2618.11,1.0005
2024-10-01 02:57:00,2619.93,1.0005
2024-10-01 02:58:00,2618.84,1.0006
2024-10-01 02:59:00,2618.49,1.0006
2024-10-01 03:00:00,2619.73,1.0006
2024-10-01 03:01:00,2618.25,1.0005
2024-10-01 03:02:00,2618.2,1.0006
2024-10-01 03:03:00,2619.8,1.0005
2024-10-01 03:04:00,2619.43,1.0005
2024-10-01 03:05:00,2619.43,1.0006
2024-10-01 03:06:00,2618.92,1.0006
2024-10-01 03:07:00,2621.04,1.0006
2024-10-01 03:08:00,2624.95,1.0006
2024-10-01 03:09:00,2623.94,1.0005
2024-10-01 03:10:00,2623.86,1.0006
2024-10-01 03:11:00,2627.0,1.0006
2024-10-01 03:12:00,2625.42,1.0006
2024-10-01 03:13:00,2625.84,1.0006
2024-10-01 03:14:00,2625.92,1.0007
2024-10-01 03:15:00,2627.84,1.0006
2024-10-01 03:16:00,2627.81,1.0006
2024-10-01 03:17:00,2631.38,1.0006
2024-10-01 03:18:00,2628.9,1.0006
2024-10-01 03:19:00,2629.05,1.0006
2024-10-01 03:20:00,2627.29,1.0006
2024-10-01 03:21:00,2629.4,1.0007
2024-10-01 03:22:00,2629.72,1.0007
2024-10-01 03:23:00,2629.0,1.0007
2024-10-01 03:24:00,2627.15,1.0006
2024-10-01 03:25:00,2625.77,1.0007
2024-10-01 03:26:00,2624.1,1.0006
2024-10-01 03:27:00,2626.01,1.0006
2024-10-01 03:28:00,2626.36,1.0006
2024-10-01 03:29:00,2625.15,1.0007
2024-10-01 03:30:00,2625.87,1.0006
2024-10-01 03:31:00,2627.0,1.0005
2024-10-01 03:32:00,2627.65,1.0005
2024-10-01 03:33:00,2626.72,1.0005
2024-10-01 03:34:00,2628.72,1.0005
2024-10-01 03:35:00,2628.56,1.0004
2024-10-01 03:36:00,2628.33,1.0005
2024-10-01 03:37:00,2627.89,1.0004
2024-10-01 03:38:00,2628.35,1.0005
2024-10-01 03:39:00,2627.4,1.0005
2024-10-01 03:40:00,2628.71,1.0005
2024-10-01 03:41:00,2628.67,1.0004
2024-10-01 03:42:00,2630.3,1.0005
2024-10-01 03:43:00,2629.12,1.0005
2024-10-01 03:44:00,2631.51,1.0004
2024-10-01 03:45:00,2632.51,1.0005
2024-10-01 03:46:00,2631.2,1.0005
2024-10-01 03:47:00,2630.99,1.0005
2024-10-01 03:48:00,2631.17,1.0004
2024-10-01 03:49:00,2632.84,1.0004
2024-10-01 03:50:00,2631.77,1.0005
2024-10-01 03:51:00,2630.0,1.0005
2024-10-01 03:52:00,2630.0,1.0004
2024-10-01 03:53:00,2628.52,1.0004
2024-10-01 03:54:00,2629.34,1.0005
2024-10-01 03:55:00,2630.11,1.0004
2024-10-01 03:56:00,2630.0,1.0004
2024-10-01 03:57:00,2629.82,1.0004
2024-10-01 03:58:00,2630.5,1.0004
2024-10-01 03:59:00,2630.63,1.0004
2024-10-01 04:00:00,2629.83,1.0004
2024-10-01 04:01:00,2630.67,1.0004
2024-10-01 04:02:00,2630.17,1.0003
2024-10-01 04:03:00,2628.53,1.0004
2024-10-01 04:04:00,2629.59,1.0004
2024-10-01 04:05:00,2630.08,1.0004
2024-10-01 04:06:00,2631.07,1.0004
2024-10-01 04:07:00,2635.03,1.0004
2024-10-01 04:08:00,2631.97,1.0004
2024-10-01 04:09:00,2630.13,1.0004
2024-10-01 04:10:00,2628.98,1.0004
2024-10-01 04:11:00,2629.04,1.0004
2024-10-01 04:12:00,2629.74,1.0004
2024-10-01 04:13:00,2629.41,1.0003
2024-10-01 04:14:00,2629.13,1.0004
2024-10-01 04:15:00,2628.21,1.0003
2024-10-01 04:16:00,2629.82,1.0003
2024-10-01 04:17:00,2631.28,1.0003
2024-10-01 04:18:00,2630.98,1.0004
2024-10-01 04:19:00,2630.89,1.0004
2024-10-01 04:20:00,2635.14,1.0004
2024-10-01 04:21:00,2632.73,1.0004
2024-10-01 04:22:00,2632.92,1.0004
2024-10-01 04:23:00,2632.99,1.0003
2024-10-01 04:24:00,2632.47,1.0004
2024-10-01 04:25:00,2631.28,1.0005
2024-10-01 04:26:00,2631.71,1.0005
2024-10-01 04:27:00,2631.65,1.0004
2024-10-01 04:28:00,2633.67,1.0005
2024-10-01 04:29:00,2633.87,1.0004
2024-10-01 04:30:00,2635.08,1.0004
2024-10-01 04:31:00,2633.87,1.0004
2024-10-01 04:32:00,2635.19,1.0004
2024-10-01 04:33:00,2637.47,1.0004
2024-10-01 04:34:00,2636.68,1.0004
2024-10-01 04:35:00,2637.84,1.0003
2024-10-01 04:36:00,2639.2,1.0004
2024-10-01 04:37:00,2639.4,1.0004
2024-10-01 04:38:00,2640.79,1.0003
2024-10-01 04:39:00,2643.99,1.0004
2024-10-01 04:40:00,2645.99,1.0004
2024-10-01 04:41:00,2644.71,1.0004
2024-10-01 04:42:00,2644.73,1.0004
2024-10-01 04:43:00,2643.95,1.0004
2024-10-01 04:44:00,2642.88,1.0004
2024-10-01 04:45:00,2644.23,1.0004
2024-10-01 04:46:00,2642.66,1.0003
2024-10-01 04:47:00,2643.85,1.0004
2024-10-01 04:48:00,2641.27,1.0004
2024-10-01 04:49:00,2643.38,1.0004
2024-10-01 04:50:00,2643.55,1.0004
2024-10-01 04:51:00,2644.88,1.0003
2024-10-01 04:52:00,2644.66,1.0003
2024-10-01 04:53:00,2645.53,1.0003
2024-10-01 04:54:00,2646.08,1.0004
2024-10-01 04:55:00,2645.33,1.0004
2024-10-01 04:56:00,2645.72,1.0004
2024-10-01 04:57:00,2645.38,1.0003
2024-10-01 04:58:00,2643.84,1.0003
2024-10-01 04:59:00,2644.86,1.0003
2024-10-01 05:00:00,2644.61,1.0003
2024-10-01 05:01:00,2642.21,1.0003
2024-10-01 05:02:00,2641.8,1.0004
2024-10-01 05:03:00,2641.0,1.0004
2024-10-01 05:04:00,2641.0,1.0004
2024-10-01 05:05:00,2641.16,1.0004
2024-10-01 05:06:00,2640.89,1.0004
2024-10-01 05:07:00,2640.63,1.0004
2024-10-01 05:08:00,2640.04,1.0003
2024-10-01 05:09:00,2640.8,1.0004
2024-10-01 05:10:00,2641.06,1.0003
2024-10-01 05:11:00,2640.01,1.0004
2024-10-01 05:12:00,2640.69,1.0004
2024-10-01 05:13:00,2638.83,1.0003
2024-10-01 05:14:00,2636.8,1.0003
2024-10-01 05:15:00,2638.99,1.0004
2024-10-01 05:16:00,2639.25,1.0004
2024-10-01 05:17:00,2640.01,1.0004
2024-10-01 05:18:00,2639.2,1.0004
2024-10-01 05:19:00,2637.5,1.0003
2024-10-01 05:20:00,2636.89,1.0003
2024-10-01 05:21:00,2637.82,1.0004
2024-10-01 05:22:00,2638.32,1.0004
2024-10-01 05:23:00,2637.6,1.0003
2024-10-01 05:24:00,2638.59,1.0004
2024-10-01 05:25:00,2638.95,1.0004
2024-10-01 05:26:00,2638.81,1.0004
2024-10-01 05:27:00,2638.85,1.0004
2024-10-01 05:28:00,2637.36,1.0004
2024-10-01 05:29:00,2636.97,1.0004
2024-10-01 05:30:00,2638.16,1.0004
2024-10-01 05:31:00,2637.01,1.0004
2024-10-01 05:32:00,2637.03,1.0004
2024-10-01 05:33:00,2638.15,1.0003
2024-10-01 05:34:00,2640.0,1.0004
2024-10-01 05:35:00,2639.56,1.0004
2024-10-01 05:36:00,2640.15,1.0004
2024-10-01 05:37:00,2640.33,1.0003
2024-10-01 05:38:00,2640.31,1.0003
2024-10-01 05:39:00,2639.22,1.0004
2024-10-01 05:40:00,2637.9,1.0003
2024-10-01 05:41:00,2637.96,1.0003
2024-10-01 05:42:00,2637.91,1.0004
2024-10-01 05:43:00,2638.01,1.0003
2024-10-01 05:44:00,2637.91,1.0004
2024-10-01 05:45:00,2637.99,1.0004
2024-10-01 05:46:00,2638.55,1.0004
2024-10-01 05:47:00,2639.9,1.0004
2024-10-01 05:48:00,2639.22,1.0004
2024-10-01 05:49:00,2639.23,1.0003
2024-10-01 05:50:00,2639.34,1.0004
2024-10-01 05:51:00,2639.33,1.0003
2024-10-01 05:52:00,2639.77,1.0003
2024-10-01 05:53:00,2639.3,1.0004
2024-10-01 05:54:00,2638.72,1.0004
2024-10-01 05:55:00,2637.65,1.0003
2024-10-01 05:56:00,2638.39,1.0003
2024-10-01 05:57:00,2638.38,1.0003
2024-10-01 05:58:00,2639.49,1.0003
2024-10-01 05:59:00,2639.7,1.0003
2024-10-01 06:00:00,2639.91,1.0002
2024-10-01 06:01:00,2640.71,1.0003
2024-10-01 06:02:00,2641.16,1.0003
2024-10-01 06:03:00,2641.59,1.0003
2024-10-01 06:04:00,2641.14,1.0003
2024-10-01 06:05:00,2641.18,1.0003
2024-10-01 06:06:00,2641.74,1.0003
2024-10-01 06:07:00,2643.5,1.0002
2024-10-01 06:08:00,2644.0,1.0003
2024-10-01 06:09:00,2644.11,1.0004
2024-10-01 06:10:00,2643.49,1.0004
2024-10-01 06:11:00,2642.64,1.0003
2024-10-01 06:12:00,2641.72,1.0003
2024-10-01 06:13:00,2643.29,1.0003
2024-10-01 06:14:00,2642.8,1.0004
2024-10-01 06:15:00,2643.38,1.0003
2024-10-01 06:16:00,2645.0,1.0004
2024-10-01 06:17:00,2643.8,1.0003
2024-10-01 06:18:00,2644.33,1.0004
2024-10-01 06:19:00,2645.4,1.0004
2024-10-01 06:20:00,2645.46,1.0004
2024-10-01 06:21:00,2644.23,1.0003
2024-10-01 06:22:00,2644.13,1.0004
2024-10-01 06:23:00,2643.03,1.0004
2024-10-01 06:24:00,2644.65,1.0003
2024-10-01 06:25:00,2646.33,1.0003
2024-10-01 06:26:00,2645.84,1.0003
2024-10-01 06:27:00,2647.6,1.0004
2024-10-01 06:28:00,2645.01,1.0003
2024-10-01 06:29:00,2645.61,1.0003
2024-10-01 06:30:00,2645.55,1.0004
2024-10-01 06:31:00,2647.99,1.0004
2024-10-01 06:32:00,2648.0,1.0004
2024-10-01 06:33:00,2647.74,1.0003
2024-10-01 06:34:00,2647.65,1.0004
2024-10-01 06:35:00,2645.39,1.0004
2024-10-01 06:36:00,2646.34,1.0004
2024-10-01 06:37:00,2646.89,1.0003
2024-10-01 06:38:00,2646.41,1.0003
2024-10-01 06:39:00,2645.81,1.0004
2024-10-01 06:40:00,2645.85,1.0003
2024-10-01 06:41:00,2644.33,1.0003
2024-10-01 06:42:00,2642.95,1.0003
2024-10-01 06:43:00,2644.09,1.0003
2024-10-01 06:44:00,2643.27,1.0003
2024-10-01 06:45:00,2643.24,1.0003
2024-10-01 06:46:00,2644.0,1.0002
2024-10-01 06:47:00,2644.41,1.0002
2024-10-01 06:48:00,2646.43,1.0002
2024-10-01 06:49:00,2646.93,1.0003
2024-10-01 06:50:00,2648.7,1.0002
2024-10-01 06:51:00,2648.23,1.0001
2024-10-01 06:52:00,2649.49,1.0002
2024-10-01 06:53:00,2649.25,1.0001
2024-10-01 06:54:00,2649.32,1.0002
2024-10-01 06:55:00,2649.41,1.0002
2024-10-01 06:56:00,2649.99,1.0002
2024-10-01 06:57:00,2653.19,1.0002
2024-10-01 06:58:00,2654.98,1.0002
2024-10-01 06:59:00,2656.97,1.0002
2024-10-01 07:00:00,2656.4,1.0002
2024-10-01 07:01:00,2652.94,1.0001
2024-10-01 07:02:00,2651.91,1.0001
2024-10-01 07:03:00,2650.63,1.0002
2024-10-01 07:04:00,2650.95,1.0002
2024-10-01 07:05:00,2650.95,1.0001
2024-10-01 07:06:00,2650.68,1.0001
2024-10-01 07:07:00,2648.77,1.0002
2024-10-01 07:08:00,2648.91,1.0002
2024-10-01 07:09:00,2648.16,1.0002
2024-10-01 07:10:00,2647.89,1.0002
2024-10-01 07:11:00,2646.87,1.0001
2024-10-01 07:12:00,2646.67,1.0001
2024-10-01 07:13:00,2648.48,1.0001
2024-10-01 07:14:00,2646.65,1.0002
2024-10-01 07:15:00,2645.62,1.0001
2024-10-01 07:16:00,2646.56,1.0001
2024-10-01 07:17:00,2646.7,1.0002
2024-10-01 07:18:00,2646.0,1.0001
2024-10-01 07:19:00,2645.55,1.0001
2024-10-01 07:20:00,2645.41,1.0002
2024-10-01 07:21:00,2646.01,1.0002
2024-10-01 07:22:00,2647.38,1.0001
2024-10-01 07:23:00,2647.67,1.0001
2024-10-01 07:24:00,2647.68,1.0002
2024-10-01 07:25:00,2647.29,1.0001
2024-10-01 07:26:00,2649.99,1.0001
2024-10-01 07:27:00,2648.83,1.0001
2024-10-01 07:28:00,2649.99,1.0001
2024-10-01 07:29:00,2648.51,1.0001
2024-10-01 07:30:00,2648.24,1.0001
2024-10-01 07:31:00,2648.73,1.0001
2024-10-01 07:32:00,2648.04,1.0002
2024-10-01 07:33:00,2644.36,1.0001
2024-10-01 07:34:00,2645.54,1.0001
2024-10-01 07:35:00,2645.78,1.0001
2024-10-01 07:36:00,2646.93,1.0002
2024-10-01 07:37:00,2648.39,1.0002
2024-10-01 07:38:00,2647.13,1.0001
2024-10-01 07:39:00,2647.8,1.0001
2024-10-01 07:40:00,2648.28,1.0001
2024-10-01 07:41:00,2648.47,1.0001
2024-10-01 07:42:00,2648.83,1.0001
2024-10-01 07:43:00,2647.63,1.0002
2024-10-01 07:44:00,2648.36,1.0001
2024-10-01 07:45:00,2648.48,1.0002
2024-10-01 07:46:00,2645.82,1.0001
2024-10-01 07:47:00,2645.54,1.0001
2024-10-01 07:48:00,2645.76,1.0001
2024-10-01 07:49:00,2645.83,1.0001
2024-10-01 07:50:00,2645.21,1.0002
2024-10-01 07:51:00,2645.8,1.0002
2024-10-01 07:52:00,2646.54,1.0001
2024-10-01 07:53:00,2645.71,1.0001
2024-10-01 07:54:00,2644.25,1.0002
2024-10-01 07:55:00,2644.54,1.0001
2024-10-01 07:56:00,2645.51,1.0
2024-10-01 07:57:00,2645.77,1.0
2024-10-01 07:58:00,2645.74,1.0001
2024-10-01 07:59:00,2644.8,1.0
2024-10-01 08:00:00,2645.61,1.0001
2024-10-01 08:01:00,2645.21,1.0001
2024-10-01 08:02:00,2645.49,1.0001
2024-10-01 08:03:00,2646.68,1.0001
2024-10-01 08:04:00,2646.28,1.0
2024-10-01 08:05:00,2646.13,1.0001
2024-10-01 08:06:00,2645.01,1.0
2024-10-01 08:07:00,2643.06,1.0001
2024-10-01 08:08:00,2643.66,1.0001
2024-10-01 08:09:00,2642.64,1.0
2024-10-01 08:10:00,2642.77,1.0001
2024-10-01 08:11:00,2643.12,1.0
2024-10-01 08:12:00,2642.21,1.0001
2024-10-01 08:13:00,2643.12,1.0001
2024-10-01 08:14:00,2641.41,1.0
2024-10-01 08:15:00,2642.34,1.0001
2024-10-01 08:16:00,2642.62,1.0001
2024-10-01 08:17:00,2642.35,1.0001
2024-10-01 08:18:00,2642.44,1.0001
2024-10-01 08:19:00,2643.45,1.0001
2024-10-01 08:20:00,2643.4,1.0001
2024-10-01 08:21:00,2642.51,1.0
2024-10-01 08:22:00,2642.65,1.0001
2024-10-01 08:23:00,2641.6,1.0001
2024-10-01 08:24:00,2641.92,1.0
2024-10-01 08:25:00,2643.27,1.0001
2024-10-01 08:26:00,2642.71,1.0
2024-10-01 08:27:00,2642.92,1.0001
2024-10-01 08:28:00,2642.91,1.0001
2024-10-01 08:29:00,2642.0,1.0001
2024-10-01 08:30:00,2643.42,1.0001
2024-10-01 08:31:00,2644.52,1.0001
2024-10-01 08:32:00,2644.99,1.0001
2024-10-01 08:33:00,2645.16,1.0
2024-10-01 08:34:00,2645.76,1.0001
2024-10-01 08:35:00,2644.85,1.0
2024-10-01 08:36:00,2645.07,1.0
2024-10-01 08:37:00,2645.07,1.0
2024-10-01 08:38:00,2644.72,1.0001
2024-10-01 08:39:00,2643.73,1.0
2024-10-01 08:40:00,2641.54,1.0
2024-10-01 08:41:00,2641.53,1.0001
2024-10-01 08:42:00,2642.75,1.0001
2024-10-01 08:43:00,2641.77,1.0
2024-10-01 08:44:00,2641.24,1.0
2024-10-01 08:45:00,2639.39,1.0
2024-10-01 08:46:00,2636.28,1.0001
2024-10-01 08:47:00,2637.62,1.0
2024-10-01 08:48:00,2638.39,1.0
2024-10-01 08:49:00,2637.78,1.0001
2024-10-01 08:50:00,2638.69,1.0
2024-10-01 08:51:00,2638.7,1.0
2024-10-01 08:52:00,2640.4,1.0001
2024-10-01 08:53:00,2640.5,1.0001
2024-10-01 08:54:00,2641.51,1.0001
2024-10-01 08:55:00,2641.53,1.0
2024-10-01 08:56:00,2640.28,1.0001
2024-10-01 08:57:00,2640.01,1.0001
2024-10-01 08:58:00,2639.72,1.0001
2024-10-01 08:59:00,2640.79,1.0001
2024-10-01 09:00:00,2640.99,1.0001
2024-10-01 09:01:00,2640.51,1.0001
2024-10-01 09:02:00,2642.49,1.0001
2024-10-01 09:03:00,2643.81,1.0
2024-10-01 09:04:00,2642.1,1.0001
2024-10-01 09:05:00,2642.82,1.0
2024-10-01 09:06:00,2643.4,1.0001
2024-10-01 09:07:00,2642.79,1.0001
2024-10-01 09:08:00,2643.48,1.0001
2024-10-01 09:09:00,2644.53,1.0001
2024-10-01 09:10:00,2644.67,1.0
2024-10-01 09:11:00,2644.0,1.0
2024-10-01 09:12:00,2643.53,1.0001
2024-10-01 09:13:00,2644.2,1.0001
2024-10-01 09:14:00,2644.9,1.0001
2024-10-01 09:15:00,2644.86,1.0001
2024-10-01 09:16:00,2644.53,1.0001
2024-10-01 09:17:00,2643.23,1.0001
2024-10-01 09:18:00,2643.53,1.0001
2024-10-01 09:19:00,2642.62,1.0001
2024-10-01 09:20:00,2641.99,1.0
2024-10-01 09:21:00,2643.52,1.0001
2024-10-01 09:22:00,2641.34,1.0001
2024-10-01 09:23:00,2640.71,1.0001
2024-10-01 09:24:00,2642.14,1.0001
2024-10-01 09:25:00,2641.49,1.0
2024-10-01 09:26:00,2641.02,1.0001
2024-10-01 09:27:00,2643.42,1.0
2024-10-01 09:28:00,2643.81,1.0
2024-10-01 09:29:00,2642.72,1.0001
2024-10-01 09:30:00,2642.88,1.0001
2024-10-01 09:31:00,2642.73,1.0
2024-10-01 09:32:00,2641.26,1.0
2024-10-01 09:33:00,2641.51,1.0
2024-10-01 09:34:00,2640.47,1.0
2024-10-01 09:35:00,2639.63,1.0
2024-10-01 09:36:00,2638.88,1.0
2024-10-01 09:37:00,2639.71,1.0001
2024-10-01 09:38:00,2640.28,1.0001
2024-10-01 09:39:00,2639.72,1.0001
2024-10-01 09:40:00,2638.61,1.0001
2024-10-01 09:41:00,2639.72,1.0001
2024-10-01 09:42:00,2638.98,1.0001
2024-10-01 09:43:00,2638.0,1.0
2024-10-01 09:44:00,2637.34,1.0
2024-10-01 09:45:00,2637.69,1.0
2024-10-01 09:46:00,2637.04,1.0001
2024-10-01 09:47:00,2637.36,1.0001
2024-10-01 09:48:00,2638.15,1.0
2024-10-01 09:49:00,2638.82,1.0
2024-10-01 09:50:00,2638.9,1.0001
2024-10-01 09:51:00,2639.31,1.0002
2024-10-01 09:52:00,2638.62,1.0001
2024-10-01 09:53:00,2637.79,1.0001
2024-10-01 09:54:00,2640.0,1.0003
2024-10-01 09:55:00,2639.42,1.0002
2024-10-01 09:56:00,2639.99,1.0002
2024-10-01 09:57:00,2638.32,1.0002
2024-10-01 09:58:00,2638.07,1.0002
2024-10-01 09:59:00,2637.09,1.0002
2024-10-01 10:00:00,2635.19,1.0002
2024-10-01 10:01:00,2635.98,1.0002
2024-10-01 10:02:00,2636.5,1.0002
2024-10-01 10:03:00,2636.56,1.0002
2024-10-01 10:04:00,2636.92,1.0002
2024-10-01 10:05:00,2635.86,1.0001
2024-10-01 10:06:00,2636.99,1.0001
2024-10-01 10:07:00,2637.0,1.0001
2024-10-01 10:08:00,2637.11,1.0001
2024-10-01 10:09:00,2632.91,1.0002
2024-10-01 10:10:00,2632.35,1.0002
2024-10-01 10:11:00,2634.39,1.0001
2024-10-01 10:12:00,2634.49,1.0002
2024-10-01 10:13:00,2633.59,1.0001
2024-10-01 10:14:00,2632.76,1.0
2024-10-01 10:15:00,2632.99,1.0
2024-10-01 10:16:00,2634.48,1.0001
2024-10-01 10:17:00,2634.94,1.0
2024-10-01 10:18:00,2635.25,1.0001
2024-10-01 10:19:00,2634.45,1.0
2024-10-01 10:20:00,2636.45,1.0001
2024-10-01 10:21:00,2634.23,1.0001
2024-10-01 10:22:00,2632.78,1.0001
2024-10-01 10:23:00,2634.91,1.0
2024-10-01 10:24:00,2633.6,1.0
2024-10-01 10:25:00,2634.13,1.0
2024-10-01 10:26:00,2634.2,1.0001
2024-10-01 10:27:00,2635.99,1.0
2024-10-01 10:28:00,2634.51,1.0001
2024-10-01 10:29:00,2635.18,1.0001
2024-10-01 10:30:00,2635.39,1.0001
2024-10-01 10:31:00,2635.0,1.0001
2024-10-01 10:32:00,2633.77,1.0001
2024-10-01 10:33:00,2633.08,1.0001
2024-10-01 10:34:00,2633.94,1.0001
2024-10-01 10:35:00,2635.36,1.0001
2024-10-01 10:36:00,2634.4,1.0
2024-10-01 10:37:00,2635.15,1.0
2024-10-01 10:38:00,2635.99,1.0
2024-10-01 10:39:00,2637.22,1.0
2024-10-01 10:40:00,2637.5,1.0001
2024-10-01 10:41:00,2637.18,1.0001
2024-10-01 10:42:00,2637.35,1.0001
2024-10-01 10:43:00,2637.5,1.0001
2024-10-01 10:44:00,2636.41,1.0001
2024-10-01 10:45:00,2636.87,1.0001
2024-10-01 10:46:00,2637.97,1.0
2024-10-01 10:47:00,2638.41,1.0001
2024-10-01 10:48:00,2638.25,1.0
2024-10-01 10:49:00,2639.13,1.0001
2024-10-01 10:50:00,2639.03,1.0001
2024-10-01 10:51:00,2639.01,1.0001
2024-10-01 10:52:00,2638.34,1.0
2024-10-01 10:53:00,2638.22,1.0001
2024-10-01 10:54:00,2638.77,1.0001
2024-10-01 10:55:00,2638.16,1.0001
2024-10-01 10:56:00,2638.35,1.0001
2024-10-01 10:57:00,2638.33,1.0001
2024-10-01 10:58:00,2638.21,1.0
2024-10-01 10:59:00,2638.08,1.0001
2024-10-01 11:00:00,2638.03,1.0001
2024-10-01 11:01:00,2639.25,1.0001
2024-10-01 11:02:00,2638.76,1.0001
2024-10-01 11:03:00,2638.98,1.0001
2024-10-01 11:04:00,2639.2,1.0001
2024-10-01 11:05:00,2637.69,1.0001
2024-10-01 11:06:00,2638.8,1.0
2024-10-01 11:07:00,2637.85,1.0
2024-10-01 11:08:00,2636.87,1.0001
2024-10-01 11:09:00,2635.99,1.0
2024-10-01 11:10:00,2636.48,1.0001
2024-10-01 11:11:00,2638.36,1.0001
2024-10-01 11:12:00,2637.18,1.0
2024-10-01 11:13:00,2638.48,1.0
2024-10-01 11:14:00,2638.48,1.0
2024-10-01 11:15:00,2637.91,1.0
2024-10-01 11:16:00,2636.48,1.0
2024-10-01 11:17:00,2636.63,1.0
2024-10-01 11:18:00,2636.3,1.0001
2024-10-01 11:19:00,2635.24,1.0001
2024-10-01 11:20:00,2635.47,1.0001
2024-10-01 11:21:00,2635.01,1.0001
2024-10-01 11:22:00,2634.42,1.0001
2024-10-01 11:23:00,2633.93,1.0001
2024-10-01 11:24:00,2633.19,1.0
2024-10-01 11:25:00,2632.6,1.0001
2024-10-01 11:26:00,2633.53,1.0
2024-10-01 11:27:00,2633.08,1.0001
2024-10-01 11:28:00,2633.37,1.0001
2024-10-01 11:29:00,2633.09,1.0
2024-10-01 11:30:00,2633.4,1.0
2024-10-01 11:31:00,2633.28,1.0
2024-10-01 11:32:00,2632.12,1.0
2024-10-01 11:33:00,2631.2,1.0
2024-10-01 11:34:00,2630.5,1.0
2024-10-01 11:35:00,2630.22,1.0001
2024-10-01 11:36:00,2630.64,1.0
2024-10-01 11:37:00,2630.77,1.0001
2024-10-01 11:38:00,2629.91,1.0001
2024-10-01 11:39:00,2629.87,1.0
2024-10-01 11:40:00,2629.88,1.0001
2024-10-01 11:41:00,2629.87,1.0001
2024-10-01 11:42:00,2630.04,1.0
2024-10-01 11:43:00,2630.0,1.0
2024-10-01 11:44:00,2630.83,1.0001
2024-10-01 11:45:00,2630.83,1.0
2024-10-01 11:46:00,2630.39,1.0
2024-10-01 11:47:00,2630.02,1.0
2024-10-01 11:48:00,2630.6,1.0
2024-10-01 11:49:00,2630.25,1.0
2024-10-01 11:50:00,2630.34,1.0
2024-10-01 11:51:00,2630.18,1.0001
2024-10-01 11:52:00,2631.48,1.0001
2024-10-01 11:53:00,2632.79,1.0
2024-10-01 11:54:00,2632.49,1.0
2024-10-01 11:55:00,2631.62,1.0001
2024-10-01 11:56:00,2630.72,1.0
2024-10-01 11:57:00,2629.41,1.0
2024-10-01 11:58:00,2629.4,1.0
2024-10-01 11:59:00,2629.44,1.0
2024-10-01 12:00:00,2628.86,1.0
2024-10-01 12:01:00,2628.13,1.0001
2024-10-01 12:02:00,2630.17,1.0001
2024-10-01 12:03:00,2630.26,1.0001
2024-10-01 12:04:00,2629.9,1.0001
2024-10-01 12:05:00,2629.77,1.0
2024-10-01 12:06:00,2629.33,1.0001
2024-10-01 12:07:00,2628.51,1.0
2024-10-01 12:08:00,2630.1,1.0001
2024-10-01 12:09:00,2630.42,1.0001
2024-10-01 12:10:00,2631.73,1.0
2024-10-01 12:11:00,2631.0,1.0001
2024-10-01 12:12:00,2631.29,1.0001
2024-10-01 12:13:00,2631.71,1.0
2024-10-01 12:14:00,2631.4,1.0
2024-10-01 12:15:00,2631.73,1.0001
2024-10-01 12:16:00,2630.78,1.0001
2024-10-01 12:17:00,2631.01,1.0001
2024-10-01 12:18:00,2630.81,1.0
2024-10-01 12:19:00,2631.99,1.0001
2024-10-01 12:20:00,2632.16,1.0
2024-10-01 12:21:00,2632.48,1.0001
2024-10-01 12:22:00,2632.72,1.0001
2024-10-01 12:23:00,2630.99,1.0
2024-10-01 12:24:00,2629.66,1.0001
2024-10-01 12:25:00,2631.84,1.0001
2024-10-01 12:26:00,2632.99,1.0
2024-10-01 12:27:00,2633.0,1.0
2024-10-01 12:28:00,2633.02,1.0
2024-10-01 12:29:00,2633.33,1.0
2024-10-01 12:30:00,2631.91,1.0
2024-10-01 12:31:00,2627.62,1.0
2024-10-01 12:32:00,2626.02,1.0
2024-10-01 12:33:00,2627.19,1.0
2024-10-01 12:34:00,2626.36,1.0
2024-10-01 12:35:00,2628.4,1.0
2024-10-01 12:36:00,2628.01,1.0
2024-10-01 12:37:00,2626.72,1.0
2024-10-01 12:38:00,2624.67,1.0001
2024-10-01 12:39:00,2624.31,1.0001
2024-10-01 12:40:00,2625.18,1.0
2024-10-01 12:41:00,2624.35,1.0
2024-10-01 12:42:00,2623.89,1.0
2024-10-01 12:43:00,2624.23,1.0001
2024-10-01 12:44:00,2621.91,1.0
2024-10-01 12:45:00,2621.22,1.0
2024-10-01 12:46:00,2620.68,1.0
2024-10-01 12:47:00,2620.07,1.0
2024-10-01 12:48:00,2620.32,1.0001
2024-10-01 12:49:00,2623.39,1.0001
2024-10-01 12:50:00,2624.85,1.0
2024-10-01 12:51:00,2624.01,1.0
2024-10-01 12:52:00,2624.37,1.0001
2024-10-01 12:53:00,2622.74,1.0001
2024-10-01 12:54:00,2622.56,1.0001
2024-10-01 12:55:00,2623.44,1.0
2024-10-01 12:56:00,2624.11,1.0
2024-10-01 12:57:00,2623.45,1.0
2024-10-01 12:58:00,2623.12,1.0
2024-10-01 12:59:00,2622.1,1.0001
2024-10-01 13:00:00,2621.84,1.0001
2024-10-01 13:01:00,2621.03,1.0001
2024-10-01 13:02:00,2620.81,1.0
2024-10-01 13:03:00,2620.61,1.0
2024-10-01 13:04:00,2620.01,1.0
2024-10-01 13:05:00,2618.84,1.0
2024-10-01 13:06:00,2618.89,1.0
2024-10-01 13:07:00,2617.94,1.0
2024-10-01 13:08:00,2618.81,1.0
2024-10-01 13:09:00,2617.74,1.0
2024-10-01 13:10:00,2617.71,1.0
2024-10-01 13:11:00,2621.03,1.0001
2024-10-01 13:12:00,2619.26,1.0001
2024-10-01 13:13:00,2618.72,1.0
2024-10-01 13:14:00,2618.0,1.0
2024-10-01 13:15:00,2617.73,1.0001
2024-10-01 13:16:00,2617.17,1.0
2024-10-01 13:17:00,2615.33,1.0
2024-10-01 13:18:00,2615.14,1.0001
2024-10-01 13:19:00,2613.5,1.0
2024-10-01 13:20:00,2612.48,1.0
2024-10-01 13:21:00,2610.51,1.0
2024-10-01 13:22:00,2614.44,1.0
2024-10-01 13:23:00,2614.69,1.0
2024-10-01 13:24:00,2614.47,1.0
2024-10-01 13:25:00,2613.06,1.0
2024-10-01 13:26:00,2612.22,1.0001
2024-10-01 13:27:00,2613.0,1.0
2024-10-01 13:28:00,2608.63,1.0
2024-10-01 13:29:00,2610.9,1.0
2024-10-01 13:30:00,2610.24,1.0001
2024-10-01 13:31:00,2611.88,1.0
2024-10-01 13:32:00,2610.19,1.0001
2024-10-01 13:33:00,2611.18,1.0
2024-10-01 13:34:00,2603.58,1.0
2024-10-01 13:35:00,2601.51,1.0
2024-10-01 13:36:00,2596.51,1.0
2024-10-01 13:37:00,2594.64,1.0001
2024-10-01 13:38:00,2588.93,1.0
2024-10-01 13:39:00,2587.2,1.0
2024-10-01 13:40:00,2586.6,1.0001
2024-10-01 13:41:00,2580.19,1.0
2024-10-01 13:42:00,2568.94,1.0001
2024-10-01 13:43:00,2576.11,1.0001
2024-10-01 13:44:00,2581.0,1.0001
2024-10-01 13:45:00,2583.18,1.0001
2024-10-01 13:46:00,2576.08,1.0001
2024-10-01 13:47:00,2579.05,1.0
2024-10-01 13:48:00,2575.01,1.0001
2024-10-01 13:49:00,2574.61,1.0001
2024-10-01 13:50:00,2581.13,1.0001
2024-10-01 13:51:00,2573.41,1.0
2024-10-01 13:52:00,2575.43,1.0
2024-10-01 13:53:00,2574.0,1.0
2024-10-01 13:54:00,2574.21,1.0
2024-10-01 13:55:00,2574.39,1.0001
2024-10-01 13:56:00,2574.49,1.0001
2024-10-01 13:57:00,2575.5,1.0001
2024-10-01 13:58:00,2581.6,1.0
2024-10-01 13:59:00,2583.5,1.0001
2024-10-01 14:00:00,2580.7,1.0002
2024-10-01 14:01:00,2584.39,1.0001
2024-10-01 14:02:00,2586.09,1.0001
2024-10-01 14:03:00,2591.0,1.0001
2024-10-01 14:04:00,2586.61,1.0001
2024-10-01 14:05:00,2588.17,1.0001
2024-10-01 14:06:00,2582.21,1.0001
2024-10-01 14:07:00,2585.31,1.0001
2024-10-01 14:08:00,2577.37,1.0001
2024-10-01 14:09:00,2585.84,1.0001
2024-10-01 14:10:00,2577.52,1.0001
2024-10-01 14:11:00,2573.8,1.0001
2024-10-01 14:12:00,2575.97,1.0002
2024-10-01 14:13:00,2576.24,1.0001
2024-10-01 14:14:00,2580.34,1.0001
2024-10-01 14:15:00,2578.3,1.0002
2024-10-01 14:16:00,2581.48,1.0002
2024-10-01 14:17:00,2579.6,1.0001
2024-10-01 14:18:00,2574.67,1.0001
2024-10-01 14:19:00,2575.47,1.0002
2024-10-01 14:20:00,2577.69,1.0001
2024-10-01 14:21:00,2578.71,1.0002
2024-10-01 14:22:00,2586.74,1.0002
2024-10-01 14:23:00,2586.0,1.0002
2024-10-01 14:24:00,2582.99,1.0002
2024-10-01 14:25:00,2580.08,1.0001
2024-10-01 14:26:00,2578.66,1.0001
2024-10-01 14:27:00,2574.31,1.0002
2024-10-01 14:28:00,2573.29,1.0001
2024-10-01 14:29:00,2574.47,1.0002
2024-10-01 14:30:00,2575.66,1.0002
2024-10-01 14:31:00,2569.98,1.0001
2024-10-01 14:32:00,2568.23,1.0002
2024-10-01 14:33:00,2570.6,1.0002
2024-10-01 14:34:00,2564.64,1.0002
2024-10-01 14:35:00,2563.56,1.0001
2024-10-01 14:36:00,2555.24,1.0002
2024-10-01 14:37:00,2562.0,1.0002
2024-10-01 14:38:00,2560.19,1.0001
2024-10-01 14:39:00,2562.91,1.0001
2024-10-01 14:40:00,2562.5,1.0002
2024-10-01 14:41:00,2569.38,1.0002
2024-10-01 14:42:00,2571.22,1.0002
2024-10-01 14:43:00,2573.42,1.0001
2024-10-01 14:44:00,2569.61,1.0001
2024-10-01 14:45:00,2567.49,1.0002
2024-10-01 14:46:00,2567.24,1.0001
2024-10-01 14:47:00,2564.08,1.0001
2024-10-01 14:48:00,2560.63,1.0001
2024-10-01 14:49:00,2557.79,1.0002
2024-10-01 14:50:00,2556.2,1.0002
2024-10-01 14:51:00,2553.66,1.0001
2024-10-01 14:52:00,2548.91,1.0001
2024-10-01 14:53:00,2542.26,1.0002
2024-10-01 14:54:00,2546.12,1.0002
2024-10-01 14:55:00,2546.39,1.0002
2024-10-01 14:56:00,2543.99,1.0001
2024-10-01 14:57:00,2548.71,1.0001
2024-10-01 14:58:00,2545.99,1.0002
2024-10-01 14:59:00,2549.99,1.0002
2024-10-01 15:00:00,2549.55,1.0003
2024-10-01 15:01:00,2545.93,1.0002
2024-10-01 15:02:00,2545.01,1.0002
2024-10-01 15:03:00,2535.75,1.0003
2024-10-01 15:04:00,2524.14,1.0002
2024-10-01 15:05:00,2508.6,1.0003
2024-10-01 15:06:00,2511.4,1.0003
2024-10-01 15:07:00,2501.52,1.0003
2024-10-01 15:08:00,2508.07,1.0002
2024-10-01 15:09:00,2510.77,1.0002
2024-10-01 15:10:00,2502.3,1.0002
2024-10-01 15:11:00,2492.29,1.0002
2024-10-01 15:12:00,2497.42,1.0003
2024-10-01 15:13:00,2503.23,1.0003
2024-10-01 15:14:00,2509.49,1.0003
2024-10-01 15:15:00,2511.99,1.0004
2024-10-01 15:16:00,2508.74,1.0003
2024-10-01 15:17:00,2504.85,1.0004
2024-10-01 15:18:00,2505.24,1.0004
2024-10-01 15:19:00,2507.04,1.0004
2024-10-01 15:20:00,2517.23,1.0005
2024-10-01 15:21:00,2513.03,1.0004
2024-10-01 15:22:00,2516.49,1.0003
2024-10-01 15:23:00,2516.52,1.0004
2024-10-01 15:24:00,2517.6,1.0004
2024-10-01 15:25:00,2511.01,1.0003
2024-10-01 15:26:00,2510.78,1.0004
2024-10-01 15:27:00,2513.95,1.0003
2024-10-01 15:28:00,2514.99,1.0003
2024-10-01 15:29:00,2517.0,1.0004
2024-10-01 15:30:00,2517.83,1.0003
2024-10-01 15:31:00,2520.5,1.0004
2024-10-01 15:32:00,2528.28,1.0004
2024-10-01 15:33:00,2527.49,1.0004
2024-10-01 15:34:00,2532.23,1.0004
2024-10-01 15:35:00,2530.8,1.0004
2024-10-01 15:36:00,2528.24,1.0003
2024-10-01 15:37:00,2532.8,1.0003
2024-10-01 15:38:00,2532.34,1.0004
2024-10-01 15:39:00,2533.59,1.0003
2024-10-01 15:40:00,2533.29,1.0003
2024-10-01 15:41:00,2534.5,1.0003
2024-10-01 15:42:00,2533.5,1.0004
2024-10-01 15:43:00,2535.21,1.0003
2024-10-01 15:44:00,2536.4,1.0004
2024-10-01 15:45:00,2531.09,1.0004
2024-10-01 15:46:00,2532.43,1.0003
2024-10-01 15:47:00,2524.5,1.0003
2024-10-01 15:48:00,2527.49,1.0003
2024-10-01 15:49:00,2527.44,1.0002
2024-10-01 15:50:00,2524.66,1.0002
2024-10-01 15:51:00,2525.86,1.0002
2024-10-01 15:52:00,2527.39,1.0002
2024-10-01 15:53:00,2526.99,1.0003
2024-10-01 15:54:00,2526.03,1.0002
2024-10-01 15:55:00,2524.49,1.0002
2024-10-01 15:56:00,2524.17,1.0003
2024-10-01 15:57:00,2526.44,1.0003
2024-10-01 15:58:00,2527.69,1.0003
2024-10-01 15:59:00,2529.4,1.0002
2024-10-01 16:00:00,2524.81,1.0003
2024-10-01 16:01:00,2521.9,1.0002
2024-10-01 16:02:00,2524.5,1.0002
2024-10-01 16:03:00,2527.49,1.0002
2024-10-01 16:04:00,2528.5,1.0002
2024-10-01 16:05:00,2527.49,1.0002
2024-10-01 16:06:00,2527.49,1.0003
2024-10-01 16:07:00,2524.61,1.0002
2024-10-01 16:08:00,2525.72,1.0002
2024-10-01 16:09:00,2523.37,1.0002
2024-10-01 16:10:00,2525.2,1.0003
2024-10-01 16:11:00,2527.75,1.0002
2024-10-01 16:12:00,2527.49,1.0003
2024-10-01 16:13:00,2526.62,1.0002
2024-10-01 16:14:00,2523.81,1.0002
2024-10-01 16:15:00,2522.1,1.0002
2024-10-01 16:16:00,2522.92,1.0003
2024-10-01 16:17:00,2524.56,1.0002
2024-10-01 16:18:00,2524.35,1.0002
2024-10-01 16:19:00,2522.82,1.0002
2024-10-01 16:20:00,2523.33,1.0002
2024-10-01 16:21:00,2521.36,1.0002
2024-10-01 16:22:00,2519.23,1.0002
2024-10-01 16:23:00,2520.39,1.0003
2024-10-01 16:24:00,2518.23,1.0002
2024-10-01 16:25:00,2523.4,1.0003
2024-10-01 16:26:00,2521.49,1.0003
2024-10-01 16:27:00,2521.09,1.0002
2024-10-01 16:28:00,2509.46,1.0002
2024-10-01 16:29:00,2516.51,1.0002
2024-10-01 16:30:00,2515.26,1.0002
2024-10-01 16:31:00,2516.48,1.0002
2024-10-01 16:32:00,2513.67,1.0003
2024-10-01 16:33:00,2500.94,1.0002
2024-10-01 16:34:00,2505.5,1.0002
2024-10-01 16:35:00,2507.53,1.0002
2024-10-01 16:36:00,2509.78,1.0003
2024-10-01 16:37:00,2506.73,1.0003
2024-10-01 16:38:00,2509.48,1.0003
2024-10-01 16:39:00,2504.5,1.0002
2024-10-01 16:40:00,2501.6,1.0002
2024-10-01 16:41:00,2502.99,1.0002
2024-10-01 16:42:00,2500.53,1.0002
2024-10-01 16:43:00,2497.79,1.0003
2024-10-01 16:44:00,2493.33,1.0003
2024-10-01 16:45:00,2494.39,1.0002
2024-10-01 16:46:00,2493.98,1.0002
2024-10-01 16:47:00,2490.32,1.0002
2024-10-01 16:48:00,2490.53,1.0003
2024-10-01 16:49:00,2486.71,1.0003
2024-10-01 16:50:00,2488.54,1.0002
2024-10-01 16:51:00,2495.22,1.0002
2024-10-01 16:52:00,2496.21,1.0003
2024-10-01 16:53:00,2496.34,1.0002
2024-10-01 16:54:00,2497.3,1.0002
2024-10-01 16:55:00,2503.0,1.0002
2024-10-01 16:56:00,2500.39,1.0003
2024-10-01 16:57:00,2508.68,1.0003
2024-10-01 16:58:00,2514.05,1.0003
2024-10-01 16:59:00,2511.61,1.0002
2024-10-01 17:00:00,2509.77,1.0003
2024-10-01 17:01:00,2507.99,1.0002
2024-10-01 17:02:00,2503.75,1.0002
2024-10-01 17:03:00,2501.41,1.0002
2024-10-01 17:04:00,2501.36,1.0003
2024-10-01 17:05:00,2498.38,1.0002
2024-10-01 17:06:00,2495.64,1.0002
2024-10-01 17:07:00,2492.17,1.0002
2024-10-01 17:08:00,2494.02,1.0002
2024-10-01 17:09:00,2494.74,1.0002
2024-10-01 17:10:00,2493.12,1.0002
2024-10-01 17:11:00,2486.25,1.0003
2024-10-01 17:12:00,2491.64,1.0003
2024-10-01 17:13:00,2492.86,1.0002
2024-10-01 17:14:00,2488.45,1.0002
2024-10-01 17:15:00,2488.73,1.0002
2024-10-01 17:16:00,2488.14,1.0002
2024-10-01 17:17:00,2485.34,1.0002
2024-10-01 17:18:00,2476.44,1.0003
2024-10-01 17:19:00,2463.08,1.0002
2024-10-01 17:20:00,2470.8,1.0002
2024-10-01 17:21:00,2449.11,1.0003
2024-10-01 17:22:00,2454.95,1.0003
2024-10-01 17:23:00,2448.5,1.0002
2024-10-01 17:24:00,2462.06,1.0003
2024-10-01 17:25:00,2462.63,1.0004
2024-10-01 17:26:00,2461.78,1.0004
2024-10-01 17:27:00,2459.28,1.0003
2024-10-01 17:28:00,2465.7,1.0002
2024-10-01 17:29:00,2469.27,1.0003
2024-10-01 17:30:00,2472.7,1.0003
2024-10-01 17:31:00,2476.5,1.0003
2024-10-01 17:32:00,2484.19,1.0002
2024-10-01 17:33:00,2486.96,1.0004
2024-10-01 17:34:00,2484.45,1.0003
2024-10-01 17:35:00,2484.03,1.0004
2024-10-01 17:36:00,2486.16,1.0004
2024-10-01 17:37:00,2480.49,1.0003
2024-10-01 17:38:00,2487.69,1.0002
2024-10-01 17:39:00,2488.1,1.0003
2024-10-01 17:40:00,2484.58,1.0003
2024-10-01 17:41:00,2488.81,1.0003
2024-10-01 17:42:00,2486.64,1.0002
2024-10-01 17:43:00,2485.7,1.0002
2024-10-01 17:44:00,2491.38,1.0003
2024-10-01 17:45:00,2496.01,1.0002
2024-10-01 17:46:00,2503.34,1.0004
2024-10-01 17:47:00,2498.71,1.0004
2024-10-01 17:48:00,2499.97,1.0004
2024-10-01 17:49:00,2501.43,1.0003
2024-10-01 17:50:00,2499.23,1.0003
2024-10-01 17:51:00,2502.0,1.0004
2024-10-01 17:52:00,2505.46,1.0003
2024-10-01 17:53:00,2506.87,1.0004
2024-10-01 17:54:00,2502.52,1.0003
2024-10-01 17:55:00,2506.28,1.0004
2024-10-01 17:56:00,2507.97,1.0003
2024-10-01 17:57:00,2508.8,1.0004
2024-10-01 17:58:00,2510.79,1.0004
2024-10-01 17:59:00,2507.75,1.0003
2024-10-01 18:00:00,2505.99,1.0003
2024-10-01 18:01:00,2506.46,1.0004
2024-10-01 18:02:00,2506.7,1.0003
2024-10-01 18:03:00,2508.1,1.0004
2024-10-01 18:04:00,2509.62,1.0003
2024-10-01 18:05:00,2510.61,1.0003
2024-10-01 18:06:00,2512.95,1.0004
2024-10-01 18:07:00,2509.78,1.0003
2024-10-01 18:08:00,2509.24,1.0004
2024-10-01 18:09:00,2510.27,1.0003
2024-10-01 18:10:00,2514.99,1.0003
2024-10-01 18:11:00,2517.22,1.0004
2024-10-01 18:12:00,2518.43,1.0004
2024-10-01 18:13:00,2517.05,1.0004
2024-10-01 18:14:00,2513.04,1.0004
2024-10-01 18:15:00,2513.1,1.0004
2024-10-01 18:16:00,2510.97,1.0003
2024-10-01 18:17:00,2512.79,1.0003
2024-10-01 18:18:00,2510.93,1.0003
2024-10-01 18:19:00,2508.96,1.0003
2024-10-01 18:20:00,2509.54,1.0004
2024-10-01 18:21:00,2507.26,1.0004
2024-10-01 18:22:00,2510.45,1.0003
2024-10-01 18:23:00,2509.26,1.0003
2024-10-01 18:24:00,2508.67,1.0003
2024-10-01 18:25:00,2510.57,1.0002
2024-10-01 18:26:00,2512.03,1.0003
2024-10-01 18:27:00,2514.81,1.0002
2024-10-01 18:28:00,2514.04,1.0002
2024-10-01 18:29:00,2514.2,1.0002
2024-10-01 18:30:00,2517.17,1.0002
2024-10-01 18:31:00,2514.61,1.0002
2024-10-01 18:32:00,2515.2,1.0003
2024-10-01 18:33:00,2516.55,1.0002
2024-10-01 18:34:00,2518.81,1.0002
2024-10-01 18:35:00,2514.42,1.0003
2024-10-01 18:36:00,2506.66,1.0002
2024-10-01 18:37:00,2510.28,1.0003
2024-10-01 18:38:00,2506.18,1.0002
2024-10-01 18:39:00,2503.03,1.0002
2024-10-01 18:40:00,2503.89,1.0002
2024-10-01 18:41:00,2506.42,1.0003
2024-10-01 18:42:00,2505.49,1.0002
2024-10-01 18:43:00,2503.98,1.0003
2024-10-01 18:44:00,2503.67,1.0002
2024-10-01 18:45:00,2503.19,1.0002
2024-10-01 18:46:00,2503.68,1.0002
2024-10-01 18:47:00,2500.81,1.0002
2024-10-01 18:48:00,2501.83,1.0003
2024-10-01 18:49:00,2497.56,1.0002
2024-10-01 18:50:00,2496.24,1.0002
2024-10-01 18:51:00,2499.74,1.0002
2024-10-01 18:52:00,2500.67,1.0003
2024-10-01 18:53:00,2496.55,1.0002
2024-10-01 18:54:00,2494.31,1.0002
2024-10-01 18:55:00,2496.19,1.0002
2024-10-01 18:56:00,2498.59,1.0003
2024-10-01 18:57:00,2500.36,1.0002
2024-10-01 18:58:00,2503.37,1.0003
2024-10-01 18:59:00,2501.03,1.0003
2024-10-01 19:00:00,2502.0,1.0003
2024-10-01 19:01:00,2500.26,1.0002
2024-10-01 19:02:00,2501.2,1.0003
2024-10-01 19:03:00,2499.63,1.0003
2024-10-01 19:04:00,2501.12,1.0003
2024-10-01 19:05:00,2500.63,1.0002
2024-10-01 19:06:00,2500.02,1.0002
2024-10-01 19:07:00,2498.53,1.0002
2024-10-01 19:08:00,2500.77,1.0003
2024-10-01 19:09:00,2502.45,1.0002
2024-10-01 19:10:00,2498.68,1.0002
2024-10-01 19:11:00,2497.81,1.0002
2024-10-01 19:12:00,2494.06,1.0003
2024-10-01 19:13:00,2494.91,1.0002
2024-10-01 19:14:00,2493.46,1.0002
2024-10-01 19:15:00,2493.15,1.0002
2024-10-01 19:16:00,2491.5,1.0002
2024-10-01 19:17:00,2487.66,1.0002
2024-10-01 19:18:00,2492.47,1.0003
2024-10-01 19:19:00,2496.78,1.0002
2024-10-01 19:20:00,2498.62,1.0002
2024-10-01 19:21:00,2499.34,1.0003
2024-10-01 19:22:00,2498.71,1.0002
2024-10-01 19:23:00,2499.83,1.0003
2024-10-01 19:24:00,2499.74,1.0002
2024-10-01 19:25:00,2501.07,1.0003
2024-10-01 19:26:00,2504.99,1.0003
2024-10-01 19:27:00,2505.09,1.0002
2024-10-01 19:28:00,2506.26,1.0002
2024-10-01 19:29:00,2504.76,1.0002
2024-10-01 19:30:00,2505.78,1.0002
2024-10-01 19:31:00,2502.38,1.0002
2024-10-01 19:32:00,2501.01,1.0003
2024-10-01 19:33:00,2499.43,1.0003
2024-10-01 19:34:00,2499.41,1.0002
2024-10-01 19:35:00,2497.59,1.0002
2024-10-01 19:36:00,2495.55,1.0002
2024-10-01 19:37:00,2496.56,1.0002
2024-10-01 19:38:00,2496.41,1.0001
2024-10-01 19:39:00,2499.3,1.0001
2024-10-01 19:40:00,2500.49,1.0002
2024-10-01 19:41:00,2501.99,1.0001
2024-10-01 19:42:00,2495.93,1.0001
2024-10-01 19:43:00,2498.52,1.0002
2024-10-01 19:44:00,2497.01,1.0001
2024-10-01 19:45:00,2497.56,1.0002
2024-10-01 19:46:00,2497.39,1.0001
2024-10-01 19:47:00,2499.04,1.0002
2024-10-01 19:48:00,2496.38,1.0001
2024-10-01 19:49:00,2497.57,1.0002
2024-10-01 19:50:00,2493.73,1.0001
2024-10-01 19:51:00,2497.16,1.0002
2024-10-01 19:52:00,2494.05,1.0001
2024-10-01 19:53:00,2496.12,1.0001
2024-10-01 19:54:00,2494.55,1.0002
2024-10-01 19:55:00,2493.69,1.0001
2024-10-01 19:56:00,2492.0,1.0002
2024-10-01 19:57:00,2492.53,1.0001
2024-10-01 19:58:00,2491.2,1.0001
2024-10-01 19:59:00,2488.36,1.0001
2024-10-01 20:00:00,2488.71,1.0002
2024-10-01 20:01:00,2488.6,1.0002
2024-10-01 20:02:00,2490.51,1.0002
2024-10-01 20:03:00,2490.85,1.0001
2024-10-01 20:04:00,2488.27,1.0002
2024-10-01 20:05:00,2488.92,1.0002
2024-10-01 20:06:00,2489.1,1.0001
2024-10-01 20:07:00,2487.58,1.0002
2024-10-01 20:08:00,2477.99,1.0002
2024-10-01 20:09:00,2481.37,1.0001
2024-10-01 20:10:00,2477.55,1.0002
2024-10-01 20:11:00,2477.74,1.0001
2024-10-01 20:12:00,2478.13,1.0002
2024-10-01 20:13:00,2485.18,1.0002
2024-10-01 20:14:00,2483.13,1.0001
2024-10-01 20:15:00,2480.9,1.0001
2024-10-01 20:16:00,2484.26,1.0001
2024-10-01 20:17:00,2478.83,1.0001
2024-10-01 20:18:00,2476.86,1.0002
2024-10-01 20:19:00,2473.08,1.0001
2024-10-01 20:20:00,2469.49,1.0002
2024-10-01 20:21:00,2470.49,1.0002
2024-10-01 20:22:00,2463.44,1.0001
2024-10-01 20:23:00,2466.09,1.0002
2024-10-01 20:24:00,2468.73,1.0001
2024-10-01 20:25:00,2463.77,1.0001
2024-10-01 20:26:00,2453.49,1.0001
2024-10-01 20:27:00,2461.2,1.0001
2024-10-01 20:28:00,2452.6,1.0002
2024-10-01 20:29:00,2456.99,1.0001
2024-10-01 20:30:00,2455.87,1.0002
2024-10-01 20:31:00,2460.45,1.0002
2024-10-01 20:32:00,2460.42,1.0002
2024-10-01 20:33:00,2460.5,1.0002
2024-10-01 20:34:00,2450.94,1.0001
2024-10-01 20:35:00,2451.3,1.0002
2024-10-01 20:36:00,2447.19,1.0001
2024-10-01 20:37:00,2434.5,1.0002
2024-10-01 20:38:00,2441.33,1.0002
2024-10-01 20:39:00,2434.8,1.0002
2024-10-01 20:40:00,2430.34,1.0002
2024-10-01 20:41:00,2425.47,1.0002
2024-10-01 20:42:00,2419.84,1.0002
2024-10-01 20:43:00,2429.36,1.0001
2024-10-01 20:44:00,2442.05,1.0002
2024-10-01 20:45:00,2443.03,1.0002
2024-10-01 20:46:00,2439.36,1.0003
2024-10-01 20:47:00,2436.55,1.0002
2024-10-01 20:48:00,2439.7,1.0002
2024-10-01 20:49:00,2444.73,1.0003
2024-10-01 20:50:00,2446.01,1.0002
2024-10-01 20:51:00,2457.91,1.0003
2024-10-01 20:52:00,2451.55,1.0002
2024-10-01 20:53:00,2454.29,1.0003
2024-10-01 20:54:00,2457.26,1.0002
2024-10-01 20:55:00,2452.29,1.0002
2024-10-01 20:56:00,2456.89,1.0002
2024-10-01 20:57:00,2453.59,1.0003
2024-10-01 20:58:00,2453.4,1.0003
2024-10-01 20:59:00,2446.2,1.0003
2024-10-01 21:00:00,2451.78,1.0002
2024-10-01 21:01:00,2450.59,1.0003
2024-10-01 21:02:00,2456.63,1.0003
2024-10-01 21:03:00,2450.91,1.0002
2024-10-01 21:04:00,2454.07,1.0003
2024-10-01 21:05:00,2455.81,1.0003
2024-10-01 21:06:00,2455.96,1.0002
2024-10-01 21:07:00,2456.64,1.0003
2024-10-01 21:08:00,2453.5,1.0002
2024-10-01 21:09:00,2451.43,1.0002
2024-10-01 21:10:00,2448.2,1.0002
2024-10-01 21:11:00,2449.49,1.0002
2024-10-01 21:12:00,2451.74,1.0002
2024-10-01 21:13:00,2455.69,1.0003
2024-10-01 21:14:00,2454.23,1.0003
2024-10-01 21:15:00,2461.04,1.0002
2024-10-01 21:16:00,2457.68,1.0002
2024-10-01 21:17:00,2459.04,1.0002
2024-10-01 21:18:00,2458.02,1.0002
2024-10-01 21:19:00,2462.93,1.0003
2024-10-01 21:20:00,2459.73,1.0003
2024-10-01 21:21:00,2455.63,1.0002
2024-10-01 21:22:00,2454.92,1.0002
2024-10-01 21:23:00,2453.96,1.0003
2024-10-01 21:24:00,2456.34,1.0003
2024-10-01 21:25:00,2458.33,1.0003
2024-10-01 21:26:00,2459.99,1.0002
2024-10-01 21:27:00,2457.19,1.0002
2024-10-01 21:28:00,2456.73,1.0002
2024-10-01 21:29:00,2457.94,1.0002
2024-10-01 21:30:00,2460.93,1.0002
2024-10-01 21:31:00,2457.23,1.0002
2024-10-01 21:32:00,2459.36,1.0002
2024-10-01 21:33:00,2459.25,1.0003
2024-10-01 21:34:00,2456.66,1.0002
2024-10-01 21:35:00,2456.97,1.0002
2024-10-01 21:36:00,2454.0,1.0002
2024-10-01 21:37:00,2456.37,1.0001
2024-10-01 21:38:00,2458.9,1.0002
2024-10-01 21:39:00,2459.29,1.0002
2024-10-01 21:40:00,2461.62,1.0002
2024-10-01 21:41:00,2465.65,1.0002
2024-10-01 21:42:00,2465.91,1.0002
2024-10-01 21:43:00,2466.06,1.0003
2024-10-01 21:44:00,2466.59,1.0002
2024-10-01 21:45:00,2464.41,1.0002
2024-10-01 21:46:00,2467.5,1.0002
2024-10-01 21:47:00,2467.18,1.0003
2024-10-01 21:48:00,2469.2,1.0002
2024-10-01 21:49:00,2469.19,1.0001
2024-10-01 21:50:00,2468.35,1.0002
2024-10-01 21:51:00,2468.35,1.0002
2024-10-01 21:52:00,2469.34,1.0001
2024-10-01 21:53:00,2471.17,1.0001
2024-10-01 21:54:00,2473.0,1.0002
2024-10-01 21:55:00,2473.47,1.0001
2024-10-01 21:56:00,2473.48,1.0001
2024-10-01 21:57:00,2469.82,1.0001
2024-10-01 21:58:00,2469.75,1.0001
2024-10-01 21:59:00,2470.26,1.0002
2024-10-01 22:00:00,2471.84,1.0002
2024-10-01 22:01:00,2467.52,1.0001
2024-10-01 22:02:00,2466.09,1.0001
2024-10-01 22:03:00,2463.0,1.0001
2024-10-01 22:04:00,2462.23,1.0002
2024-10-01 22:05:00,2462.26,1.0001
2024-10-01 22:06:00,2461.47,1.0002
2024-10-01 22:07:00,2462.2,1.0002
2024-10-01 22:08:00,2461.26,1.0001
2024-10-01 22:09:00,2460.0,1.0002
2024-10-01 22:10:00,2454.15,1.0001
2024-10-01 22:11:00,2456.02,1.0001
2024-10-01 22:12:00,2457.62,1.0002
2024-10-01 22:13:00,2456.42,1.0002
2024-10-01 22:14:00,2458.25,1.0001
2024-10-01 22:15:00,2457.74,1.0001
2024-10-01 22:16:00,2455.67,1.0001
2024-10-01 22:17:00,2459.33,1.0001
2024-10-01 22:18:00,2460.38,1.0001
2024-10-01 22:19:00,2458.58,1.0001
2024-10-01 22:20:00,2457.14,1.0002
2024-10-01 22:21:00,2456.73,1.0001
2024-10-01 22:22:00,2454.4,1.0002
2024-10-01 22:23:00,2453.32,1.0002
2024-10-01 22:24:00,2454.85,1.0002
2024-10-01 22:25:00,2455.91,1.0002
2024-10-01 22:26:00,2455.04,1.0001
2024-10-01 22:27:00,2456.42,1.0002
2024-10-01 22:28:00,2455.42,1.0001
2024-10-01 22:29:00,2456.21,1.0001
2024-10-01 22:30:00,2456.42,1.0002
2024-10-01 22:31:00,2455.0,1.0001
2024-10-01 22:32:00,2455.42,1.0001
2024-10-01 22:33:00,2453.59,1.0001
2024-10-01 22:34:00,2455.0,1.0002
2024-10-01 22:35:00,2454.4,1.0001
2024-10-01 22:36:00,2454.71,1.0001
2024-10-01 22:37:00,2453.55,1.0001
2024-10-01 22:38:00,2454.65,1.0001
2024-10-01 22:39:00,2452.21,1.0001
2024-10-01 22:40:00,2446.12,1.0002
2024-10-01 22:41:00,2447.21,1.0001
2024-10-01 22:42:00,2447.56,1.0001
2024-10-01 22:43:00,2448.14,1.0002
2024-10-01 22:44:00,2449.55,1.0001
2024-10-01 22:45:00,2448.96,1.0002
2024-10-01 22:46:00,2451.29,1.0002
2024-10-01 22:47:00,2451.0,1.0001
2024-10-01 22:48:00,2450.39,1.0001
2024-10-01 22:49:00,2448.18,1.0001
2024-10-01 22:50:00,2449.99,1.0002
2024-10-01 22:51:00,2453.13,1.0002
2024-10-01 22:52:00,2455.0,1.0001
2024-10-01 22:53:00,2456.71,1.0002
2024-10-01 22:54:00,2455.65,1.0002
2024-10-01 22:55:00,2453.41,1.0002
2024-10-01 22:56:00,2452.77,1.0001
2024-10-01 22:57:00,2452.93,1.0001
2024-10-01 22:58:00,2454.05,1.0002
2024-10-01 22:59:00,2453.85,1.0002
2024-10-01 23:00:00,2453.94,1.0001
2024-10-01 23:01:00,2452.24,1.0001
2024-10-01 23:02:00,2448.95,1.0001
2024-10-01 23:03:00,2449.01,1.0001
2024-10-01 23:04:00,2449.33,1.0001
2024-10-01 23:05:00,2452.17,1.0001
2024-10-01 23:06:00,2453.19,1.0001
2024-10-01 23:07:00,2453.95,1.0002
2024-10-01 23:08:00,2453.57,1.0001
2024-10-01 23:09:00,2457.09,1.0002
2024-10-01 23:10:00,2454.43,1.0001
2024-10-01 23:11:00,2448.79,1.0001
2024-10-01 23:12:00,2450.79,1.0002
2024-10-01 23:13:00,2453.9,1.0002
2024-10-01 23:14:00,2454.49,1.0001
2024-10-01 23:15:00,2451.82,1.0002
2024-10-01 23:16:00,2452.47,1.0001
2024-10-01 23:17:00,2453.78,1.0001
2024-10-01 23:18:00,2455.55,1.0001
2024-10-01 23:19:00,2451.85,1.0002
2024-10-01 23:20:00,2451.99,1.0001
2024-10-01 23:21:00,2453.89,1.0002
2024-10-01 23:22:00,2454.21,1.0001
2024-10-01 23:23:00,2451.69,1.0001
2024-10-01 23:24:00,2451.57,1.0002
2024-10-01 23:25:00,2452.2,1.0002
2024-10-01 23:26:00,2448.58,1.0001
2024-10-01 23:27:00,2448.78,1.0002
2024-10-01 23:28:00,2442.99,1.0001
2024-10-01 23:29:00,2443.63,1.0001
2024-10-01 23:30:00,2440.5,1.0002
2024-10-01 23:31:00,2442.23,1.0001
2024-10-01 23:32:00,2442.19,1.0001
2024-10-01 23:33:00,2444.04,1.0001
2024-10-01 23:34:00,2443.89,1.0001
2024-10-01 23:35:00,2446.52,1.0001
2024-10-01 23:36:00,2445.93,1.0001
2024-10-01 23:37:00,2446.13,1.0001
2024-10-01 23:38:00,2450.16,1.0001
2024-10-01 23:39:00,2453.88,1.0001
2024-10-01 23:40:00,2453.2,1.0001
2024-10-01 23:41:00,2454.15,1.0001
2024-10-01 23:42:00,2452.78,1.0001
2024-10-01 23:43:00,2452.58,1.0001
2024-10-01 23:44:00,2451.02,1.0002
2024-10-01 23:45:00,2453.59,1.0001
2024-10-01 23:46:00,2449.26,1.0002
2024-10-01 23:47:00,2449.92,1.0001
2024-10-01 23:48:00,2451.5,1.0001
2024-10-01 23:49:00,2452.5,1.0001
2024-10-01 23:50:00,2451.03,1.0001
2024-10-01 23:51:00,2452.44,1.0002
2024-10-01 23:52:00,2454.5,1.0001
2024-10-01 23:53:00,2454.36,1.0002
2024-10-01 23:54:00,2454.69,1.0001
2024-10-01 23:55:00,2453.4,1.0001
2024-10-01 23:56:00,2451.35,1.0001
2024-10-01 23:57:00,2449.25,1.0002
2024-10-01 23:58:00,2449.63,1.0001
2024-10-01 23:59:00,2449.17,1.0002
2024-10-02 00:00:00,2447.78,1.0001
2024-10-02 00:01:00,2450.77,1.0001
2024-10-02 00:02:00,2448.43,1.0001
2024-10-02 00:03:00,2450.47,1.0002
2024-10-02 00:04:00,2450.31,1.0001
2024-10-02 00:05:00,2452.78,1.0001
2024-10-02 00:06:00,2458.19,1.0002
2024-10-02 00:07:00,2455.2,1.0002
2024-10-02 00:08:00,2456.86,1.0001
2024-10-02 00:09:00,2459.62,1.0002
2024-10-02 00:10:00,2458.0,1.0002
2024-10-02 00:11:00,2456.96,1.0001
2024-10-02 00:12:00,2456.25,1.0001
2024-10-02 00:13:00,2450.29,1.0002
2024-10-02 00:14:00,2450.0,1.0002
2024-10-02 00:15:00,2450.25,1.0002
2024-10-02 00:16:00,2449.53,1.0002
2024-10-02 00:17:00,2447.05,1.0001
2024-10-02 00:18:00,2447.57,1.0001
2024-10-02 00:19:00,2448.67,1.0002
2024-10-02 00:20:00,2454.69,1.0002
2024-10-02 00:21:00,2446.09,1.0001
2024-10-02 00:22:00,2446.23,1.0001
2024-10-02 00:23:00,2444.29,1.0002
2024-10-02 00:24:00,2442.14,1.0001
2024-10-02 00:25:00,2445.5,1.0001
2024-10-02 00:26:00,2448.61,1.0001
2024-10-02 00:27:00,2451.6,1.0002
2024-10-02 00:28:00,2454.71,1.0001
2024-10-02 00:29:00,2454.18,1.0001
2024-10-02 00:30:00,2453.61,1.0002
2024-10-02 00:31:00,2454.94,1.0001
2024-10-02 00:32:00,2456.79,1.0002
2024-10-02 00:33:00,2457.7,1.0001
2024-10-02 00:34:00,2460.39,1.0002
2024-10-02 00:35:00,2458.14,1.0002
2024-10-02 00:36:00,2461.0,1.0002
2024-10-02 00:37:00,2464.53,1.0002
2024-10-02 00:38:00,2464.29,1.0002
2024-10-02 00:39:00,2464.77,1.0002
2024-10-02 00:40:00,2463.85,1.0002
2024-10-02 00:41:00,2463.66,1.0002
2024-10-02 00:42:00,2467.18,1.0003
2024-10-02 00:43:00,2466.6,1.0003
2024-10-02 00:44:00,2465.2,1.0002
2024-10-02 00:45:00,2464.1,1.0003
2024-10-02 00:46:00,2463.61,1.0002
2024-10-02 00:47:00,2459.33,1.0002
2024-10-02 00:48:00,2458.24,1.0003
2024-10-02 00:49:00,2460.87,1.0003
2024-10-02 00:50:00,2460.53,1.0002
2024-10-02 00:51:00,2459.24,1.0002
2024-10-02 00:52:00,2462.64,1.0003
2024-10-02 00:53:00,2461.84,1.0002
2024-10-02 00:54:00,2461.4,1.0002
2024-10-02 00:55:00,2460.0,1.0002
2024-10-02 00:56:00,2461.68,1.0003
2024-10-02 00:57:00,2460.84,1.0001
2024-10-02 00:58:00,2463.27,1.0001
2024-10-02 00:59:00,2463.33,1.0002
2024-10-02 01:00:00,2464.21,1.0002
2024-10-02 01:01:00,2462.02,1.0001
2024-10-02 01:02:00,2464.02,1.0002
2024-10-02 01:03:00,2466.08,1.0002
2024-10-02 01:04:00,2466.87,1.0002
2024-10-02 01:05:00,2468.13,1.0001
2024-10-02 01:06:00,2469.91,1.0002
2024-10-02 01:07:00,2468.04,1.0002
2024-10-02 01:08:00,2469.4,1.0002
2024-10-02 01:09:00,2470.0,1.0002
2024-10-02 01:10:00,2469.27,1.0002
2024-10-02 01:11:00,2470.13,1.0001
2024-10-02 01:12:00,2469.23,1.0001
2024-10-02 01:13:00,2470.25,1.0001
2024-10-02 01:14:00,2470.61,1.0002
2024-10-02 01:15:00,2470.43,1.0002
2024-10-02 01:16:00,2471.08,1.0001
2024-10-02 01:17:00,2467.78,1.0002
2024-10-02 01:18:00,2468.5,1.0003
2024-10-02 01:19:00,2466.67,1.0002
2024-10-02 01:20:00,2467.38,1.0003
2024-10-02 01:21:00,2468.03,1.0002
2024-10-02 01:22:00,2467.64,1.0002
2024-10-02 01:23:00,2468.49,1.0002
2024-10-02 01:24:00,2467.01,1.0002
2024-10-02 01:25:00,2470.64,1.0002
2024-10-02 01:26:00,2474.97,1.0003
2024-10-02 01:27:00,2476.92,1.0003
2024-10-02 01:28:00,2478.48,1.0003
2024-10-02 01:29:00,2477.75,1.0002
2024-10-02 01:30:00,2475.41,1.0003
2024-10-02 01:31:00,2476.39,1.0002
2024-10-02 01:32:00,2474.63,1.0002
2024-10-02 01:33:00,2473.67,1.0002
2024-10-02 01:34:00,2472.76,1.0003
2024-10-02 01:35:00,2473.18,1.0003
2024-10-02 01:36:00,2474.0,1.0002
2024-10-02 01:37:00,2473.0,1.0002
2024-10-02 01:38:00,2474.11,1.0002
2024-10-02 01:39:00,2474.02,1.0002
2024-10-02 01:40:00,2473.99,1.0002
2024-10-02 01:41:00,2473.39,1.0003
2024-10-02 01:42:00,2472.01,1.0002
2024-10-02 01:43:00,2471.0,1.0003
2024-10-02 01:44:00,2470.55,1.0003
2024-10-02 01:45:00,2472.6,1.0002
2024-10-02 01:46:00,2475.7,1.0003
2024-10-02 01:47:00,2475.26,1.0003
2024-10-02 01:48:00,2473.79,1.0002
2024-10-02 01:49:00,2474.8,1.0003
2024-10-02 01:50:00,2475.0,1.0002
2024-10-02 01:51:00,2476.39,1.0002
2024-10-02 01:52:00,2476.51,1.0002
2024-10-02 01:53:00,2476.88,1.0003
2024-10-02 01:54:00,2477.99,1.0003
2024-10-02 01:55:00,2478.97,1.0003
2024-10-02 01:56:00,2478.75,1.0003
2024-10-02 01:57:00,2478.34,1.0002
2024-10-02 01:58:00,2479.41,1.0002
2024-10-02 01:59:00,2481.09,1.0002
2024-10-02 02:00:00,2480.64,1.0002
2024-10-02 02:01:00,2477.16,1.0003
2024-10-02 02:02:00,2478.42,1.0003
2024-10-02 02:03:00,2476.2,1.0002
2024-10-02 02:04:00,2476.0,1.0002
2024-10-02 02:05:00,2476.81,1.0003
2024-10-02 02:06:00,2475.42,1.0002
2024-10-02 02:07:00,2475.84,1.0003
2024-10-02 02:08:00,2477.39,1.0003
2024-10-02 02:09:00,2481.8,1.0003
2024-10-02 02:10:00,2481.75,1.0003
2024-10-02 02:11:00,2476.59,1.0003
2024-10-02 02:12:00,2477.64,1.0003
2024-10-02 02:13:00,2478.0,1.0002
2024-10-02 02:14:00,2478.15,1.0003
2024-10-02 02:15:00,2477.87,1.0002
2024-10-02 02:16:00,2479.73,1.0003
2024-10-02 02:17:00,2478.66,1.0003
2024-10-02 02:18:00,2477.02,1.0002
2024-10-02 02:19:00,2478.94,1.0002
2024-10-02 02:20:00,2480.7,1.0003
2024-10-02 02:21:00,2480.55,1.0002
2024-10-02 02:22:00,2480.27,1.0002
2024-10-02 02:23:00,2479.17,1.0002
2024-10-02 02:24:00,2479.47,1.0003
2024-10-02 02:25:00,2479.85,1.0003
2024-10-02 02:26:00,2478.16,1.0002
2024-10-02 02:27:00,2481.81,1.0003
2024-10-02 02:28:00,2490.34,1.0003
2024-10-02 02:29:00,2485.82,1.0003
2024-10-02 02:30:00,2486.65,1.0002
2024-10-02 02:31:00,2486.94,1.0002
2024-10-02 02:32:00,2485.21,1.0002
2024-10-02 02:33:00,2484.95,1.0002
2024-10-02 02:34:00,2487.3,1.0002
2024-10-02 02:35:00,2486.19,1.0002
2024-10-02 02:36:00,2486.0,1.0002
2024-10-02 02:37:00,2486.41,1.0002
2024-10-02 02:38:00,2488.67,1.0002
2024-10-02 02:39:00,2489.72,1.0002
2024-10-02 02:40:00,2489.0,1.0002
2024-10-02 02:41:00,2487.61,1.0001
2024-10-02 02:42:00,2486.96,1.0001
2024-10-02 02:43:00,2486.33,1.0002
2024-10-02 02:44:00,2487.55,1.0001
2024-10-02 02:45:00,2489.01,1.0001
2024-10-02 02:46:00,2489.5,1.0001
2024-10-02 02:47:00,2489.73,1.0001
2024-10-02 02:48:00,2489.19,1.0002
2024-10-02 02:49:00,2490.81,1.0001
2024-10-02 02:50:00,2492.52,1.0001
2024-10-02 02:51:00,2497.89,1.0002
2024-10-02 02:52:00,2498.93,1.0002
2024-10-02 02:53:00,2496.93,1.0001
2024-10-02 02:54:00,2496.96,1.0002
2024-10-02 02:55:00,2498.28,1.0002
2024-10-02 02:56:00,2498.52,1.0001
2024-10-02 02:57:00,2497.47,1.0002
2024-10-02 02:58:00,2497.05,1.0001
2024-10-02 02:59:00,2496.05,1.0001
2024-10-02 03:00:00,2492.53,1.0001
2024-10-02 03:01:00,2490.77,1.0001
2024-10-02 03:02:00,2492.14,1.0002
2024-10-02 03:03:00,2492.72,1.0001
2024-10-02 03:04:00,2492.22,1.0001
2024-10-02 03:05:00,2491.64,1.0002
2024-10-02 03:06:00,2494.83,1.0002
2024-10-02 03:07:00,2493.12,1.0002
2024-10-02 03:08:00,2492.8,1.0001
2024-10-02 03:09:00,2490.95,1.0002
2024-10-02 03:10:00,2494.79,1.0001
2024-10-02 03:11:00,2490.76,1.0001
2024-10-02 03:12:00,2490.03,1.0001
2024-10-02 03:13:00,2489.49,1.0001
2024-10-02 03:14:00,2491.66,1.0002
2024-10-02 03:15:00,2491.03,1.0001
2024-10-02 03:16:00,2492.7,1.0002
2024-10-02 03:17:00,2493.42,1.0001
2024-10-02 03:18:00,2491.5,1.0002
2024-10-02 03:19:00,2492.46,1.0001
2024-10-02 03:20:00,2491.01,1.0001
2024-10-02 03:21:00,2490.01,1.0001
2024-10-02 03:22:00,2489.76,1.0002
2024-10-02 03:23:00,2487.45,1.0001
2024-10-02 03:24:00,2487.71,1.0002
2024-10-02 03:25:00,2486.79,1.0002
2024-10-02 03:26:00,2487.49,1.0001
2024-10-02 03:27:00,2487.14,1.0001
2024-10-02 03:28:00,2485.99,1.0001
2024-10-02 03:29:00,2486.15,1.0002
2024-10-02 03:30:00,2486.79,1.0001
2024-10-02 03:31:00,2485.13,1.0001
2024-10-02 03:32:00,2487.19,1.0001
2024-10-02 03:33:00,2488.49,1.0002
2024-10-02 03:34:00,2486.84,1.0002
2024-10-02 03:35:00,2488.61,1.0002
2024-10-02 03:36:00,2489.04,1.0002
2024-10-02 03:37:00,2488.69,1.0002
2024-10-02 03:38:00,2490.59,1.0001
2024-10-02 03:39:00,2490.6,1.0002
2024-10-02 03:40:00,2491.47,1.0001
2024-10-02 03:41:00,2491.7,1.0002
2024-10-02 03:42:00,2493.27,1.0001
2024-10-02 03:43:00,2494.0,1.0002
2024-10-02 03:44:00,2494.53,1.0001
2024-10-02 03:45:00,2494.92,1.0001
2024-10-02 03:46:00,2492.93,1.0002
2024-10-02 03:47:00,2492.92,1.0001
2024-10-02 03:48:00,2493.25,1.0002
2024-10-02 03:49:00,2492.69,1.0002
2024-10-02 03:50:00,2491.11,1.0001
2024-10-02 03:51:00,2490.56,1.0001
2024-10-02 03:52:00,2491.03,1.0001
2024-10-02 03:53:00,2490.72,1.0001
2024-10-02 03:54:00,2492.39,1.0002
2024-10-02 03:55:00,2490.64,1.0002
2024-10-02 03:56:00,2491.08,1.0002
2024-10-02 03:57:00,2491.2,1.0001
2024-10-02 03:58:00,2491.0,1.0001
2024-10-02 03:59:00,2489.68,1.0002
2024-10-02 04:00:00,2489.6,1.0001
2024-10-02 04:01:00,2489.28,1.0002
2024-10-02 04:02:00,2488.68,1.0001
2024-10-02 04:03:00,2488.57,1.0001
2024-10-02 04:04:00,2488.28,1.0001
2024-10-02 04:05:00,2490.0,1.0001
2024-10-02 04:06:00,2487.31,1.0002
2024-10-02 04:07:00,2487.69,1.0001
2024-10-02 04:08:00,2486.75,1.0002
2024-10-02 04:09:00,2486.67,1.0001
2024-10-02 04:10:00,2483.82,1.0001
2024-10-02 04:11:00,2484.37,1.0001
2024-10-02 04:12:00,2482.2,1.0001
2024-10-02 04:13:00,2482.8,1.0002
2024-10-02 04:14:00,2483.4,1.0001
2024-10-02 04:15:00,2483.77,1.0002
2024-10-02 04:16:00,2482.07,1.0002
2024-10-02 04:17:00,2481.87,1.0002
2024-10-02 04:18:00,2481.89,1.0001
2024-10-02 04:19:00,2481.71,1.0001
2024-10-02 04:20:00,2481.61,1.0001
2024-10-02 04:21:00,2483.93,1.0002
2024-10-02 04:22:00,2483.02,1.0001
2024-10-02 04:23:00,2480.45,1.0001
2024-10-02 04:24:00,2480.4,1.0002
2024-10-02 04:25:00,2478.2,1.0001
2024-10-02 04:26:00,2477.92,1.0002
2024-10-02 04:27:00,2479.84,1.0001
2024-10-02 04:28:00,2480.4,1.0001
2024-10-02 04:29:00,2480.99,1.0001
2024-10-02 04:30:00,2484.79,1.0001
2024-10-02 04:31:00,2483.07,1.0001
2024-10-02 04:32:00,2482.9,1.0002
2024-10-02 04:33:00,2483.79,1.0002
2024-10-02 04:34:00,2481.69,1.0002
2024-10-02 04:35:00,2480.46,1.0001
2024-10-02 04:36:00,2478.99,1.0001
2024-10-02 04:37:00,2479.04,1.0001
2024-10-02 04:38:00,2478.62,1.0002
2024-10-02 04:39:00,2480.33,1.0001
2024-10-02 04:40:00,2480.0,1.0001
2024-10-02 04:41:00,2482.56,1.0001
2024-10-02 04:42:00,2482.81,1.0001
2024-10-02 04:43:00,2482.8,1.0001
2024-10-02 04:44:00,2482.6,1.0001
2024-10-02 04:45:00,2483.6,1.0002
2024-10-02 04:46:00,2483.59,1.0001
2024-10-02 04:47:00,2482.41,1.0001
2024-10-02 04:48:00,2483.08,1.0001
2024-10-02 04:49:00,2481.71,1.0001
2024-10-02 04:50:00,2481.99,1.0001
2024-10-02 04:51:00,2484.01,1.0002
2024-10-02 04:52:00,2486.61,1.0001
2024-10-02 04:53:00,2486.62,1.0002
2024-10-02 04:54:00,2488.99,1.0002
2024-10-02 04:55:00,2488.21,1.0001
2024-10-02 04:56:00,2486.01,1.0001
2024-10-02 04:57:00,2486.22,1.0001
2024-10-02 04:58:00,2485.6,1.0001
2024-10-02 04:59:00,2486.78,1.0001
2024-10-02 05:00:00,2486.98,1.0001
2024-10-02 05:01:00,2488.47,1.0001
2024-10-02 05:02:00,2488.48,1.0001
2024-10-02 05:03:00,2486.56,1.0002
2024-10-02 05:04:00,2488.09,1.0001
2024-10-02 05:05:00,2489.48,1.0002
2024-10-02 05:06:00,2488.62,1.0001
2024-10-02 05:07:00,2488.57,1.0001
2024-10-02 05:08:00,2490.16,1.0002
2024-10-02 05:09:00,2491.44,1.0002
2024-10-02 05:10:00,2490.14,1.0002
2024-10-02 05:11:00,2491.41,1.0002
2024-10-02 05:12:00,2490.63,1.0001
2024-10-02 05:13:00,2489.61,1.0001
2024-10-02 05:14:00,2487.19,1.0001
2024-10-02 05:15:00,2486.47,1.0001
2024-10-02 05:16:00,2487.02,1.0002
2024-10-02 05:17:00,2485.68,1.0001
2024-10-02 05:18:00,2487.69,1.0001
2024-10-02 05:19:00,2488.28,1.0001
2024-10-02 05:20:00,2488.92,1.0001
2024-10-02 05:21:00,2487.24,1.0001
2024-10-02 05:22:00,2487.23,1.0001
2024-10-02 05:23:00,2486.43,1.0001
2024-10-02 05:24:00,2486.94,1.0002
2024-10-02 05:25:00,2486.11,1.0001
2024-10-02 05:26:00,2483.04,1.0001
2024-10-02 05:27:00,2482.06,1.0001
2024-10-02 05:28:00,2482.0,1.0001
2024-10-02 05:29:00,2482.74,1.0001
2024-10-02 05:30:00,2482.93,1.0002
2024-10-02 05:31:00,2483.45,1.0002
2024-10-02 05:32:00,2483.43,1.0001
2024-10-02 05:33:00,2481.97,1.0001
2024-10-02 05:34:00,2479.43,1.0001
2024-10-02 05:35:00,2480.3,1.0001
2024-10-02 05:36:00,2480.5,1.0001
2024-10-02 05:37:00,2478.94,1.0001
2024-10-02 05:38:00,2481.0,1.0001
2024-10-02 05:39:00,2480.9,1.0001
2024-10-02 05:40:00,2479.13,1.0002
2024-10-02 05:41:00,2480.92,1.0002
2024-10-02 05:42:00,2479.27,1.0002
2024-10-02 05:43:00,2480.29,1.0001
2024-10-02 05:44:00,2478.8,1.0002
2024-10-02 05:45:00,2479.4,1.0002
2024-10-02 05:46:00,2479.14,1.0002
2024-10-02 05:47:00,2480.27,1.0001
2024-10-02 05:48:00,2478.05,1.0001
2024-10-02 05:49:00,2478.29,1.0002
2024-10-02 05:50:00,2477.52,1.0001
2024-10-02 05:51:00,2476.85,1.0001
2024-10-02 05:52:00,2477.2,1.0001
2024-10-02 05:53:00,2476.08,1.0001
2024-10-02 05:54:00,2473.54,1.0001
2024-10-02 05:55:00,2472.83,1.0001
2024-10-02 05:56:00,2474.63,1.0001
2024-10-02 05:57:00,2475.39,1.0002
2024-10-02 05:58:00,2477.39,1.0001
2024-10-02 05:59:00,2477.79,1.0001
2024-10-02 06:00:00,2478.0,1.0001
2024-10-02 06:01:00,2479.42,1.0001
2024-10-02 06:02:00,2479.78,1.0001
2024-10-02 06:03:00,2478.4,1.0001
2024-10-02 06:04:00,2479.24,1.0001
2024-10-02 06:05:00,2479.82,1.0001
2024-10-02 06:06:00,2476.69,1.0001
2024-10-02 06:07:00,2474.4,1.0001
2024-10-02 06:08:00,2473.12,1.0002
2024-10-02 06:09:00,2469.01,1.0001
2024-10-02 06:10:00,2471.08,1.0002
2024-10-02 06:11:00,2472.8,1.0001
2024-10-02 06:12:00,2476.58,1.0002
2024-10-02 06:13:00,2475.19,1.0001
2024-10-02 06:14:00,2473.99,1.0002
2024-10-02 06:15:00,2476.12,1.0002
2024-10-02 06:16:00,2475.32,1.0002
2024-10-02 06:17:00,2474.4,1.0002
2024-10-02 06:18:00,2474.37,1.0002
2024-10-02 06:19:00,2475.0,1.0002
2024-10-02 06:20:00,2474.79,1.0001
2024-10-02 06:21:00,2474.16,1.0001
2024-10-02 06:22:00,2474.41,1.0001
2024-10-02 06:23:00,2473.95,1.0001
2024-10-02 06:24:00,2474.47,1.0002
2024-10-02 06:25:00,2476.11,1.0001
2024-10-02 06:26:00,2478.62,1.0001
2024-10-02 06:27:00,2476.62,1.0002
2024-10-02 06:28:00,2476.29,1.0002
2024-10-02 06:29:00,2477.21,1.0002
2024-10-02 06:30:00,2477.27,1.0001
2024-10-02 06:31:00,2479.42,1.0001
2024-10-02 06:32:00,2481.29,1.0002
2024-10-02 06:33:00,2479.61,1.0002
2024-10-02 06:34:00,2481.49,1.0001
2024-10-02 06:35:00,2482.9,1.0001
2024-10-02 06:36:00,2483.25,1.0001
2024-10-02 06:37:00,2485.46,1.0002
2024-10-02 06:38:00,2488.96,1.0001
2024-10-02 06:39:00,2486.85,1.0001
2024-10-02 06:40:00,2486.87,1.0002
2024-10-02 06:41:00,2487.57,1.0001
2024-10-02 06:42:00,2489.02,1.0001
2024-10-02 06:43:00,2489.69,1.0002
2024-10-02 06:44:00,2488.41,1.0001
2024-10-02 06:45:00,2488.38,1.0001
2024-10-02 06:46:00,2488.55,1.0001
2024-10-02 06:47:00,2489.2,1.0002
2024-10-02 06:48:00,2489.62,1.0002
2024-10-02 06:49:00,2485.8,1.0002
2024-10-02 06:50:00,2487.43,1.0002
2024-10-02 06:51:00,2488.92,1.0001
2024-10-02 06:52:00,2487.92,1.0001
2024-10-02 06:53:00,2487.02,1.0001
2024-10-02 06:54:00,2487.6,1.0002
2024-10-02 06:55:00,2486.52,1.0001
2024-10-02 06:56:00,2486.16,1.0002
2024-10-02 06:57:00,2486.0,1.0001
2024-10-02 06:58:00,2486.67,1.0001
2024-10-02 06:59:00,2487.2,1.0002
2024-10-02 07:00:00,2485.84,1.0001
2024-10-02 07:01:00,2485.81,1.0001
2024-10-02 07:02:00,2487.15,1.0001
2024-10-02 07:03:00,2486.71,1.0001
2024-10-02 07:04:00,2486.27,1.0001
2024-10-02 07:05:00,2485.69,1.0001
2024-10-02 07:06:00,2487.39,1.0002
2024-10-02 07:07:00,2483.08,1.0002
2024-10-02 07:08:00,2483.2,1.0001
2024-10-02 07:09:00,2482.05,1.0001
2024-10-02 07:10:00,2482.15,1.0001
2024-10-02 07:11:00,2481.8,1.0001
2024-10-02 07:12:00,2480.0,1.0001
2024-10-02 07:13:00,2478.24,1.0001
2024-10-02 07:14:00,2479.62,1.0001
2024-10-02 07:15:00,2480.36,1.0001
2024-10-02 07:16:00,2480.21,1.0001
2024-10-02 07:17:00,2479.39,1.0002
2024-10-02 07:18:00,2482.19,1.0001
2024-10-02 07:19:00,2482.33,1.0001
2024-10-02 07:20:00,2481.51,1.0001
2024-10-02 07:21:00,2479.52,1.0001
2024-10-02 07:22:00,2480.0,1.0001
2024-10-02 07:23:00,2478.4,1.0002
2024-10-02 07:24:00,2476.27,1.0001
2024-10-02 07:25:00,2476.93,1.0002
2024-10-02 07:26:00,2477.51,1.0001
2024-10-02 07:27:00,2480.39,1.0002
2024-10-02 07:28:00,2481.42,1.0002
2024-10-02 07:29:00,2481.62,1.0002
2024-10-02 07:30:00,2482.74,1.0002
2024-10-02 07:31:00,2483.45,1.0002
2024-10-02 07:32:00,2485.78,1.0002
2024-10-02 07:33:00,2485.79,1.0002
2024-10-02 07:34:00,2484.45,1.0001
2024-10-02 07:35:00,2485.4,1.0002
2024-10-02 07:36:00,2488.81,1.0002
2024-10-02 07:37:00,2491.82,1.0002
2024-10-02 07:38:00,2488.95,1.0002
2024-10-02 07:39:00,2489.2,1.0002
2024-10-02 07:40:00,2488.21,1.0001
2024-10-02 07:41:00,2488.0,1.0002
2024-10-02 07:42:00,2489.18,1.0002
2024-10-02 07:43:00,2487.2,1.0001
2024-10-02 07:44:00,2485.65,1.0002
2024-10-02 07:45:00,2486.87,1.0001
2024-10-02 07:46:00,2488.44,1.0001
2024-10-02 07:47:00,2487.72,1.0001
2024-10-02 07:48:00,2489.7,1.0002
2024-10-02 07:49:00,2487.57,1.0001
2024-10-02 07:50:00,2485.21,1.0001
2024-10-02 07:51:00,2483.13,1.0001
2024-10-02 07:52:00,2481.09,1.0001
2024-10-02 07:53:00,2479.19,1.0002
2024-10-02 07:54:00,2479.92,1.0001
2024-10-02 07:55:00,2479.58,1.0002
2024-10-02 07:56:00,2479.2,1.0001
2024-10-02 07:57:00,2481.0,1.0001
2024-10-02 07:58:00,2482.57,1.0001
2024-10-02 07:59:00,2484.15,1.0002
2024-10-02 08:00:00,2482.03,1.0002
2024-10-02 08:01:00,2481.44,1.0002
2024-10-02 08:02:00,2480.89,1.0001
2024-10-02 08:03:00,2480.17,1.0001
2024-10-02 08:04:00,2480.16,1.0002
2024-10-02 08:05:00,2482.19,1.0002
2024-10-02 08:06:00,2481.49,1.0002
2024-10-02 08:07:00,2482.1,1.0001
2024-10-02 08:08:00,2481.5,1.0002
2024-10-02 08:09:00,2479.42,1.0002
2024-10-02 08:10:00,2477.4,1.0001
2024-10-02 08:11:00,2479.85,1.0001
2024-10-02 08:12:00,2478.91,1.0001
2024-10-02 08:13:00,2478.9,1.0002
2024-10-02 08:14:00,2478.62,1.0001
2024-10-02 08:15:00,2479.35,1.0002
2024-10-02 08:16:00,2479.79,1.0001
2024-10-02 08:17:00,2478.56,1.0002
2024-10-02 08:18:00,2480.64,1.0001
2024-10-02 08:19:00,2479.48,1.0001
2024-10-02 08:20:00,2479.09,1.0001
2024-10-02 08:21:00,2479.07,1.0001
2024-10-02 08:22:00,2478.68,1.0001
2024-10-02 08:23:00,2480.05,1.0001
2024-10-02 08:24:00,2481.26,1.0002
2024-10-02 08:25:00,2481.27,1.0001
2024-10-02 08:26:00,2480.21,1.0002
2024-10-02 08:27:00,2480.42,1.0001
2024-10-02 08:28:00,2481.17,1.0001
2024-10-02 08:29:00,2479.92,1.0001
2024-10-02 08:30:00,2479.62,1.0002
2024-10-02 08:31:00,2479.35,1.0002
2024-10-02 08:32:00,2483.45,1.0002
2024-10-02 08:33:00,2485.23,1.0002
2024-10-02 08:34:00,2485.54,1.0001
2024-10-02 08:35:00,2486.0,1.0001
2024-10-02 08:36:00,2484.5,1.0002
2024-10-02 08:37:00,2483.69,1.0001
2024-10-02 08:38:00,2483.73,1.0002
2024-10-02 08:39:00,2483.69,1.0001
2024-10-02 08:40:00,2485.33,1.0002
2024-10-02 08:41:00,2485.81,1.0002
2024-10-02 08:42:00,2485.17,1.0002
2024-10-02 08:43:00,2483.84,1.0001
2024-10-02 08:44:00,2482.99,1.0001
2024-10-02 08:45:00,2482.35,1.0001
2024-10-02 08:46:00,2483.1,1.0001
2024-10-02 08:47:00,2482.83,1.0001
2024-10-02 08:48:00,2483.04,1.0002
2024-10-02 08:49:00,2480.76,1.0001
2024-10-02 08:50:00,2480.51,1.0001
2024-10-02 08:51:00,2481.92,1.0001
2024-10-02 08:52:00,2482.17,1.0001
2024-10-02 08:53:00,2481.13,1.0001
2024-10-02 08:54:00,2479.8,1.0001
2024-10-02 08:55:00,2479.67,1.0001
2024-10-02 08:56:00,2480.4,1.0001
2024-10-02 08:57:00,2480.98,1.0001
2024-10-02 08:58:00,2481.22,1.0001
2024-10-02 08:59:00,2481.22,1.0001
2024-10-02 09:00:00,2480.78,1.0002
2024-10-02 09:01:00,2479.5,1.0002
2024-10-02 09:02:00,2480.19,1.0001
2024-10-02 09:03:00,2480.18,1.0001
2024-10-02 09:04:00,2477.19,1.0001
2024-10-02 09:05:00,2477.77,1.0001
2024-10-02 09:06:00,2479.43,1.0001
2024-10-02 09:07:00,2477.6,1.0002
2024-10-02 09:08:00,2477.12,1.0001
2024-10-02 09:09:00,2476.24,1.0001
2024-10-02 09:10:00,2476.37,1.0001
2024-10-02 09:11:00,2476.08,1.0001
2024-10-02 09:12:00,2473.79,1.0002
2024-10-02 09:13:00,2474.42,1.0001
2024-10-02 09:14:00,2475.14,1.0002
2024-10-02 09:15:00,2475.14,1.0001
2024-10-02 09:16:00,2474.4,1.0001
2024-10-02 09:17:00,2470.72,1.0001
2024-10-02 09:18:00,2470.05,1.0001
2024-10-02 09:19:00,2472.14,1.0001
2024-10-02 09:20:00,2471.24,1.0001
2024-10-02 09:21:00,2471.92,1.0002
2024-10-02 09:22:00,2471.34,1.0001
2024-10-02 09:23:00,2469.0,1.0001
2024-10-02 09:24:00,2467.81,1.0002
2024-10-02 09:25:00,2468.21,1.0001
2024-10-02 09:26:00,2468.55,1.0001
2024-10-02 09:27:00,2469.32,1.0002
2024-10-02 09:28:00,2468.8,1.0002
2024-10-02 09:29:00,2468.25,1.0002
2024-10-02 09:30:00,2466.77,1.0001
2024-10-02 09:31:00,2467.36,1.0001
2024-10-02 09:32:00,2466.87,1.0001
2024-10-02 09:33:00,2466.6,1.0001
2024-10-02 09:34:00,2464.49,1.0002
2024-10-02 09:35:00,2465.3,1.0001
2024-10-02 09:36:00,2462.08,1.0002
2024-10-02 09:37:00,2462.44,1.0001
2024-10-02 09:38:00,2462.81,1.0002
2024-10-02 09:39:00,2463.2,1.0002
2024-10-02 09:40:00,2462.45,1.0002
2024-10-02 09:41:00,2458.91,1.0001
2024-10-02 09:42:00,2455.93,1.0001
2024-10-02 09:43:00,2457.13,1.0001
2024-10-02 09:44:00,2457.52,1.0001
2024-10-02 09:45:00,2458.45,1.0001
2024-10-02 09:46:00,2456.64,1.0001
2024-10-02 09:47:00,2449.99,1.0001
2024-10-02 09:48:00,2449.94,1.0001
2024-10-02 09:49:00,2447.54,1.0002
2024-10-02 09:50:00,2450.03,1.0001
2024-10-02 09:51:00,2452.68,1.0001
2024-10-02 09:52:00,2448.0,1.0001
2024-10-02 09:53:00,2450.35,1.0002
2024-10-02 09:54:00,2449.92,1.0001
2024-10-02 09:55:00,2452.73,1.0002
2024-10-02 09:56:00,2456.22,1.0002
2024-10-02 09:57:00,2455.44,1.0001
2024-10-02 09:58:00,2453.2,1.0001
2024-10-02 09:59:00,2450.6,1.0001
2024-10-02 10:00:00,2452.67,1.0002
2024-10-02 10:01:00,2454.6,1.0002
2024-10-02 10:02:00,2453.52,1.0001
2024-10-02 10:03:00,2453.88,1.0001
2024-10-02 10:04:00,2450.93,1.0002
2024-10-02 10:05:00,2449.2,1.0001
2024-10-02 10:06:00,2450.12,1.0001
2024-10-02 10:07:00,2452.0,1.0001
2024-10-02 10:08:00,2451.21,1.0002
2024-10-02 10:09:00,2455.21,1.0002
2024-10-02 10:10:00,2454.12,1.0001
2024-10-02 10:11:00,2453.47,1.0002
2024-10-02 10:12:00,2453.6,1.0001
2024-10-02 10:13:00,2450.91,1.0001
2024-10-02 10:14:00,2452.19,1.0001
2024-10-02 10:15:00,2451.6,1.0001
2024-10-02 10:16:00,2452.63,1.0001
2024-10-02 10:17:00,2455.46,1.0002
2024-10-02 10:18:00,2456.21,1.0001
2024-10-02 10:19:00,2456.79,1.0001
2024-10-02 10:20:00,2459.8,1.0002
2024-10-02 10:21:00,2456.21,1.0001
2024-10-02 10:22:00,2457.82,1.0001
2024-10-02 10:23:00,2457.43,1.0001
2024-10-02 10:24:00,2460.23,1.0001
2024-10-02 10:25:00,2459.78,1.0001
2024-10-02 10:26:00,2462.56,1.0002
2024-10-02 10:27:00,2462.38,1.0002
2024-10-02 10:28:00,2464.0,1.0002
2024-10-02 10:29:00,2462.93,1.0002
2024-10-02 10:30:00,2463.29,1.0001
2024-10-02 10:31:00,2463.32,1.0001
2024-10-02 10:32:00,2462.69,1.0001
2024-10-02 10:33:00,2466.16,1.0002
2024-10-02 10:34:00,2467.69,1.0001
2024-10-02 10:35:00,2466.94,1.0001
2024-10-02 10:36:00,2463.28,1.0001
2024-10-02 10:37:00,2462.4,1.0001
2024-10-02 10:38:00,2459.78,1.0001
2024-10-02 10:39:00,2459.99,1.0001
2024-10-02 10:40:00,2460.04,1.0001
2024-10-02 10:41:00,2458.23,1.0002
2024-10-02 10:42:00,2458.14,1.0001
2024-10-02 10:43:00,2459.07,1.0002
2024-10-02 10:44:00,2458.98,1.0001
2024-10-02 10:45:00,2459.3,1.0001
2024-10-02 10:46:00,2459.24,1.0002
2024-10-02 10:47:00,2459.1,1.0001
2024-10-02 10:48:00,2461.1,1.0002
2024-10-02 10:49:00,2460.57,1.0001
2024-10-02 10:50:00,2460.34,1.0001
2024-10-02 10:51:00,2458.51,1.0001
2024-10-02 10:52:00,2457.6,1.0001
2024-10-02 10:53:00,2458.23,1.0002
2024-10-02 10:54:00,2458.47,1.0001
2024-10-02 10:55:00,2457.6,1.0002
2024-10-02 10:56:00,2455.88,1.0001
2024-10-02 10:57:00,2452.65,1.0001
2024-10-02 10:58:00,2452.34,1.0001
2024-10-02 10:59:00,2451.04,1.0002
2024-10-02 11:00:00,2451.0,1.0001
2024-10-02 11:01:00,2451.19,1.0002
2024-10-02 11:02:00,2455.39,1.0001
2024-10-02 11:03:00,2456.58,1.0002
2024-10-02 11:04:00,2458.41,1.0001
2024-10-02 11:05:00,2455.91,1.0002
2024-10-02 11:06:00,2454.06,1.0001
2024-10-02 11:07:00,2453.04,1.0001
2024-10-02 11:08:00,2449.8,1.0001
2024-10-02 11:09:00,2445.79,1.0001
2024-10-02 11:10:00,2442.25,1.0001
2024-10-02 11:11:00,2449.02,1.0002
2024-10-02 11:12:00,2452.81,1.0002
2024-10-02 11:13:00,2455.57,1.0001
2024-10-02 11:14:00,2455.49,1.0001
2024-10-02 11:15:00,2456.72,1.0002
2024-10-02 11:16:00,2460.46,1.0002
2024-10-02 11:17:00,2458.0,1.0002
2024-10-02 11:18:00,2453.84,1.0001
2024-10-02 11:19:00,2451.7,1.0001
2024-10-02 11:20:00,2452.26,1.0001
2024-10-02 11:21:00,2453.83,1.0001
2024-10-02 11:22:00,2454.89,1.0002
2024-10-02 11:23:00,2453.79,1.0001
2024-10-02 11:24:00,2454.46,1.0001
2024-10-02 11:25:00,2455.45,1.0001
2024-10-02 11:26:00,2459.98,1.0002
2024-10-02 11:27:00,2459.89,1.0001
2024-10-02 11:28:00,2459.93,1.0002
2024-10-02 11:29:00,2460.45,1.0001
2024-10-02 11:30:00,2460.39,1.0002
2024-10-02 11:31:00,2463.93,1.0001
2024-10-02 11:32:00,2459.21,1.0001
2024-10-02 11:33:00,2458.4,1.0001
2024-10-02 11:34:00,2460.5,1.0002
2024-10-02 11:35:00,2461.47,1.0001
2024-10-02 11:36:00,2463.73,1.0001
2024-10-02 11:37:00,2462.33,1.0001
2024-10-02 11:38:00,2461.67,1.0001
2024-10-02 11:39:00,2460.95,1.0002
2024-10-02 11:40:00,2459.24,1.0001
2024-10-02 11:41:00,2458.22,1.0001
2024-10-02 11:42:00,2458.49,1.0001
2024-10-02 11:43:00,2459.16,1.0001
2024-10-02 11:44:00,2458.08,1.0002
2024-10-02 11:45:00,2457.83,1.0001
2024-10-02 11:46:00,2455.85,1.0002
2024-10-02 11:47:00,2454.93,1.0002
2024-10-02 11:48:00,2456.53,1.0002
2024-10-02 11:49:00,2458.67,1.0002
2024-10-02 11:50:00,2459.36,1.0002
2024-10-02 11:51:00,2457.08,1.0001
2024-10-02 11:52:00,2454.58,1.0001
2024-10-02 11:53:00,2455.63,1.0001
2024-10-02 11:54:00,2456.01,1.0001
2024-10-02 11:55:00,2455.32,1.0001
2024-10-02 11:56:00,2456.0,1.0001
2024-10-02 11:57:00,2456.45,1.0001
2024-10-02 11:58:00,2456.72,1.0002
2024-10-02 11:59:00,2456.98,1.0002
2024-10-02 12:00:00,2455.22,1.0002
2024-10-02 12:01:00,2454.37,1.0001
2024-10-02 12:02:00,2455.46,1.0002
2024-10-02 12:03:00,2453.2,1.0001
2024-10-02 12:04:00,2456.22,1.0001
2024-10-02 12:05:00,2454.12,1.0001
2024-10-02 12:06:00,2448.01,1.0001
2024-10-02 12:07:00,2446.92,1.0001
2024-10-02 12:08:00,2446.56,1.0001
2024-10-02 12:09:00,2453.7,1.0002
2024-10-02 12:10:00,2447.91,1.0001
2024-10-02 12:11:00,2446.51,1.0002
2024-10-02 12:12:00,2448.96,1.0001
2024-10-02 12:13:00,2452.28,1.0001
2024-10-02 12:14:00,2449.26,1.0001
2024-10-02 12:15:00,2448.4,1.0002
2024-10-02 12:16:00,2451.16,1.0001
2024-10-02 12:17:00,2449.68,1.0001
2024-10-02 12:18:00,2449.06,1.0002
2024-10-02 12:19:00,2450.69,1.0002
2024-10-02 12:20:00,2450.41,1.0002
2024-10-02 12:21:00,2451.62,1.0001
2024-10-02 12:22:00,2452.79,1.0002
2024-10-02 12:23:00,2453.35,1.0001
2024-10-02 12:24:00,2455.32,1.0002
2024-10-02 12:25:00,2453.27,1.0002
2024-10-02 12:26:00,2455.03,1.0001
2024-10-02 12:27:00,2454.4,1.0002
2024-10-02 12:28:00,2452.09,1.0001
2024-10-02 12:29:00,2451.05,1.0001
2024-10-02 12:30:00,2451.25,1.0001
2024-10-02 12:31:00,2450.59,1.0001
2024-10-02 12:32:00,2453.55,1.0002
2024-10-02 12:33:00,2454.69,1.0002
2024-10-02 12:34:00,2454.78,1.0002
2024-10-02 12:35:00,2456.48,1.0001
2024-10-02 12:36:00,2455.1,1.0002
2024-10-02 12:37:00,2455.8,1.0001
2024-10-02 12:38:00,2456.49,1.0001
2024-10-02 12:39:00,2456.76,1.0002
2024-10-02 12:40:00,2456.81,1.0002
2024-10-02 12:41:00,2459.62,1.0001
2024-10-02 12:42:00,2460.21,1.0001
2024-10-02 12:43:00,2457.62,1.0001
2024-10-02 12:44:00,2455.16,1.0001
2024-10-02 12:45:00,2454.0,1.0001
2024-10-02 12:46:00,2453.74,1.0002
2024-10-02 12:47:00,2452.18,1.0001
2024-10-02 12:48:00,2448.94,1.0001
2024-10-02 12:49:00,2449.52,1.0002
2024-10-02 12:50:00,2450.38,1.0001
2024-10-02 12:51:00,2450.16,1.0001
2024-10-02 12:52:00,2448.92,1.0001
2024-10-02 12:53:00,2446.53,1.0002
2024-10-02 12:54:00,2446.8,1.0001
2024-10-02 12:55:00,2440.44,1.0001
2024-10-02 12:56:00,2440.37,1.0001
2024-10-02 12:57:00,2435.26,1.0001
2024-10-02 12:58:00,2439.54,1.0001
2024-10-02 12:59:00,2436.02,1.0002
2024-10-02 13:00:00,2435.33,1.0002
2024-10-02 13:01:00,2437.07,1.0001
2024-10-02 13:02:00,2432.02,1.0001
2024-10-02 13:03:00,2432.49,1.0001
2024-10-02 13:04:00,2431.35,1.0001
2024-10-02 13:05:00,2428.81,1.0002
2024-10-02 13:06:00,2424.46,1.0002
2024-10-02 13:07:00,2426.04,1.0002
2024-10-02 13:08:00,2432.76,1.0002
2024-10-02 13:09:00,2428.02,1.0001
2024-10-02 13:10:00,2424.67,1.0001
2024-10-02 13:11:00,2427.83,1.0001
2024-10-02 13:12:00,2425.16,1.0002
2024-10-02 13:13:00,2430.26,1.0002
2024-10-02 13:14:00,2431.56,1.0001
2024-10-02 13:15:00,2431.32,1.0001
2024-10-02 13:16:00,2425.06,1.0001
2024-10-02 13:17:00,2423.79,1.0002
2024-10-02 13:18:00,2422.95,1.0001
2024-10-02 13:19:00,2424.13,1.0001
2024-10-02 13:20:00,2427.17,1.0002
2024-10-02 13:21:00,2434.03,1.0002
2024-10-02 13:22:00,2430.88,1.0001
2024-10-02 13:23:00,2431.91,1.0002
2024-10-02 13:24:00,2433.2,1.0002
2024-10-02 13:25:00,2432.14,1.0001
2024-10-02 13:26:00,2430.33,1.0001
2024-10-02 13:27:00,2427.69,1.0001
2024-10-02 13:28:00,2429.19,1.0001
2024-10-02 13:29:00,2427.32,1.0001
2024-10-02 13:30:00,2425.15,1.0001
2024-10-02 13:31:00,2420.65,1.0001
2024-10-02 13:32:00,2428.88,1.0002
2024-10-02 13:33:00,2431.3,1.0001
2024-10-02 13:34:00,2425.88,1.0001
2024-10-02 13:35:00,2426.04,1.0002
2024-10-02 13:36:00,2422.83,1.0001
2024-10-02 13:37:00,2424.71,1.0002
2024-10-02 13:38:00,2420.71,1.0001
2024-10-02 13:39:00,2427.67,1.0001
2024-10-02 13:40:00,2429.08,1.0002
2024-10-02 13:41:00,2427.17,1.0001
2024-10-02 13:42:00,2425.37,1.0001
2024-10-02 13:43:00,2428.81,1.0002
2024-10-02 13:44:00,2428.03,1.0001
2024-10-02 13:45:00,2427.79,1.0001
2024-10-02 13:46:00,2428.92,1.0002
2024-10-02 13:47:00,2434.72,1.0002
2024-10-02 13:48:00,2439.99,1.0002
2024-10-02 13:49:00,2443.47,1.0001
2024-10-02 13:50:00,2444.69,1.0001
2024-10-02 13:51:00,2449.42,1.0001
2024-10-02 13:52:00,2442.01,1.0002
2024-10-02 13:53:00,2444.42,1.0001
2024-10-02 13:54:00,2449.76,1.0002
2024-10-02 13:55:00,2449.56,1.0002
2024-10-02 13:56:00,2449.69,1.0002
2024-10-02 13:57:00,2450.17,1.0001
2024-10-02 13:58:00,2454.7,1.0002
2024-10-02 13:59:00,2451.29,1.0001
2024-10-02 14:00:00,2450.33,1.0001
2024-10-02 14:01:00,2449.33,1.0002
2024-10-02 14:02:00,2454.57,1.0002
2024-10-02 14:03:00,2455.6,1.0001
2024-10-02 14:04:00,2455.3,1.0001
2024-10-02 14:05:00,2451.51,1.0001
2024-10-02 14:06:00,2453.5,1.0001
2024-10-02 14:07:00,2450.39,1.0001
2024-10-02 14:08:00,2448.83,1.0001
2024-10-02 14:09:00,2455.52,1.0002
2024-10-02 14:10:00,2450.39,1.0001
2024-10-02 14:11:00,2451.25,1.0002
2024-10-02 14:12:00,2453.82,1.0001
2024-10-02 14:13:00,2449.16,1.0002
2024-10-02 14:14:00,2448.17,1.0001
2024-10-02 14:15:00,2442.52,1.0002
2024-10-02 14:16:00,2439.12,1.0002
2024-10-02 14:17:00,2440.76,1.0001
2024-10-02 14:18:00,2444.59,1.0001
2024-10-02 14:19:00,2448.57,1.0001
2024-10-02 14:20:00,2456.0,1.0002
2024-10-02 14:21:00,2451.62,1.0001
2024-10-02 14:22:00,2445.14,1.0002
2024-10-02 14:23:00,2440.37,1.0001
2024-10-02 14:24:00,2438.28,1.0001
2024-10-02 14:25:00,2432.89,1.0001
2024-10-02 14:26:00,2437.63,1.0002
2024-10-02 14:27:00,2437.42,1.0001
2024-10-02 14:28:00,2437.19,1.0002
2024-10-02 14:29:00,2435.16,1.0002
2024-10-02 14:30:00,2436.62,1.0002
2024-10-02 14:31:00,2438.77,1.0001
2024-10-02 14:32:00,2437.91,1.0002
2024-10-02 14:33:00,2440.09,1.0001
2024-10-02 14:34:00,2439.19,1.0002
2024-10-02 14:35:00,2439.73,1.0001
2024-10-02 14:36:00,2440.1,1.0001
2024-10-02 14:37:00,2436.49,1.0001
2024-10-02 14:38:00,2438.9,1.0002
2024-10-02 14:39:00,2442.5,1.0001
2024-10-02 14:40:00,2446.01,1.0001
2024-10-02 14:41:00,2447.99,1.0002
2024-10-02 14:42:00,2450.49,1.0001
2024-10-02 14:43:00,2450.59,1.0001
2024-10-02 14:44:00,2450.7,1.0001
2024-10-02 14:45:00,2447.87,1.0002
2024-10-02 14:46:00,2451.0,1.0001
2024-10-02 14:47:00,2449.66,1.0001
2024-10-02 14:48:00,2445.95,1.0001
2024-10-02 14:49:00,2451.0,1.0002
2024-10-02 14:50:00,2454.46,1.0001
2024-10-02 14:51:00,2451.77,1.0001
2024-10-02 14:52:00,2447.05,1.0001
2024-10-02 14:53:00,2441.99,1.0001
2024-10-02 14:54:00,2442.15,1.0001
2024-10-02 14:55:00,2437.26,1.0001
2024-10-02 14:56:00,2438.89,1.0002
2024-10-02 14:57:00,2439.81,1.0
2024-10-02 14:58:00,2438.4,1.0
2024-10-02 14:59:00,2435.46,1.0
2024-10-02 15:00:00,2434.4,1.0
2024-10-02 15:01:00,2437.37,1.0001
2024-10-02 15:02:00,2435.49,1.0
2024-10-02 15:03:00,2439.66,1.0001
2024-10-02 15:04:00,2442.9,1.0001
2024-10-02 15:05:00,2444.87,1.0001
2024-10-02 15:06:00,2447.16,1.0001
2024-10-02 15:07:00,2446.73,1.0
2024-10-02 15:08:00,2444.17,1.0
2024-10-02 15:09:00,2442.95,1.0
2024-10-02 15:10:00,2445.21,1.0001
2024-10-02 15:11:00,2445.48,1.0
2024-10-02 15:12:00,2442.27,1.0001
2024-10-02 15:13:00,2444.69,1.0
2024-10-02 15:14:00,2440.49,1.0
2024-10-02 15:15:00,2443.8,1.0
2024-10-02 15:16:00,2445.19,1.0001
2024-10-02 15:17:00,2448.21,1.0
2024-10-02 15:18:00,2448.19,1.0
2024-10-02 15:19:00,2450.01,1.0
2024-10-02 15:20:00,2453.2,1.0001
2024-10-02 15:21:00,2454.19,1.0
2024-10-02 15:22:00,2454.24,1.0001
2024-10-02 15:23:00,2451.83,1.0001
2024-10-02 15:24:00,2455.14,1.0
2024-10-02 15:25:00,2458.77,1.0001
2024-10-02 15:26:00,2455.67,1.0001
2024-10-02 15:27:00,2454.87,1.0001
2024-10-02 15:28:00,2453.3,1.0
2024-10-02 15:29:00,2454.55,1.0
2024-10-02 15:30:00,2455.61,1.0
2024-10-02 15:31:00,2455.88,1.0
2024-10-02 15:32:00,2455.07,1.0
2024-10-02 15:33:00,2454.45,1.0
2024-10-02 15:34:00,2456.88,0.9999
2024-10-02 15:35:00,2458.68,1.0
2024-10-02 15:36:00,2461.7,0.9999
2024-10-02 15:37:00,2459.59,1.0
2024-10-02 15:38:00,2459.27,0.9999
2024-10-02 15:39:00,2459.89,1.0
2024-10-02 15:40:00,2458.69,0.9999
2024-10-02 15:41:00,2456.56,1.0
2024-10-02 15:42:00,2458.25,0.9999
2024-10-02 15:43:00,2459.48,0.9999
2024-10-02 15:44:00,2457.33,1.0
2024-10-02 15:45:00,2458.13,0.9999
2024-10-02 15:46:00,2459.02,0.9999
2024-10-02 15:47:00,2456.89,0.9999
2024-10-02 15:48:00,2457.04,0.9999
2024-10-02 15:49:00,2461.14,1.0
2024-10-02 15:50:00,2461.06,1.0
2024-10-02 15:51:00,2459.99,0.9999
2024-10-02 15:52:00,2460.86,0.9999
2024-10-02 15:53:00,2460.28,1.0
2024-10-02 15:54:00,2459.89,1.0
2024-10-02 15:55:00,2457.01,0.9999
2024-10-02 15:56:00,2457.6,0.9999
2024-10-02 15:57:00,2456.21,0.9999
2024-10-02 15:58:00,2457.7,1.0
2024-10-02 15:59:00,2459.21,0.9999
2024-10-02 16:00:00,2460.4,0.9999
2024-10-02 16:01:00,2461.17,0.9999
2024-10-02 16:02:00,2462.95,1.0
2024-10-02 16:03:00,2462.95,0.9999
2024-10-02 16:04:00,2466.8,1.0
2024-10-02 16:05:00,2471.95,1.0
2024-10-02 16:06:00,2475.9,0.9999
2024-10-02 16:07:00,2473.19,0.9999
2024-10-02 16:08:00,2475.98,1.0
2024-10-02 16:09:00,2476.98,0.9999
2024-10-02 16:10:00,2472.88,1.0
2024-10-02 16:11:00,2468.2,1.0
2024-10-02 16:12:00,2466.39,0.9999
2024-10-02 16:13:00,2466.84,0.9999
2024-10-02 16:14:00,2468.64,0.9999
2024-10-02 16:15:00,2467.36,0.9999
2024-10-02 16:16:00,2466.01,0.9999
2024-10-02 16:17:00,2467.13,1.0
2024-10-02 16:18:00,2467.83,0.9999
2024-10-02 16:19:00,2465.84,1.0
2024-10-02 16:20:00,2464.69,1.0
2024-10-02 16:21:00,2464.6,1.0
2024-10-02 16:22:00,2465.2,0.9999
2024-10-02 16:23:00,2466.42,1.0
2024-10-02 16:24:00,2469.94,1.0
2024-10-02 16:25:00,2468.99,0.9999
2024-10-02 16:26:00,2470.46,0.9999
2024-10-02 16:27:00,2469.02,0.9999
2024-10-02 16:28:00,2467.44,0.9999
2024-10-02 16:29:00,2464.63,0.9999
2024-10-02 16:30:00,2463.51,0.9999
2024-10-02 16:31:00,2464.39,1.0
2024-10-02 16:32:00,2464.16,1.0
2024-10-02 16:33:00,2465.29,0.9999
2024-10-02 16:34:00,2464.4,0.9999
2024-10-02 16:35:00,2464.09,0.9999
2024-10-02 16:36:00,2464.16,1.0
2024-10-02 16:37:00,2464.42,1.0
2024-10-02 16:38:00,2464.32,0.9999
2024-10-02 16:39:00,2463.03,0.9999
2024-10-02 16:40:00,2461.33,0.9999
2024-10-02 16:41:00,2458.72,0.9999
2024-10-02 16:42:00,2457.88,0.9999
2024-10-02 16:43:00,2459.35,0.9999
2024-10-02 16:44:00,2457.43,0.9999
2024-10-02 16:45:00,2457.7,0.9999
2024-10-02 16:46:00,2458.89,0.9999
2024-10-02 16:47:00,2457.05,0.9999
2024-10-02 16:48:00,2454.25,0.9999
2024-10-02 16:49:00,2457.9,0.9999
2024-10-02 16:50:00,2458.05,0.9999
2024-10-02 16:51:00,2458.55,0.9999
2024-10-02 16:52:00,2460.43,0.9999
2024-10-02 16:53:00,2458.4,0.9999
2024-10-02 16:54:00,2459.24,0.9999
2024-10-02 16:55:00,2458.3,0.9999
2024-10-02 16:56:00,2457.39,0.9999
2024-10-02 16:57:00,2455.55,1.0
2024-10-02 16:58:00,2455.1,1.0
2024-10-02 16:59:00,2454.87,0.9999
2024-10-02 17:00:00,2452.85,1.0
2024-10-02 17:01:00,2453.97,0.9999
2024-10-02 17:02:00,2452.57,1.0
2024-10-02 17:03:00,2447.42,0.9999
2024-10-02 17:04:00,2446.69,0.9999
2024-10-02 17:05:00,2442.24,0.9999
2024-10-02 17:06:00,2447.58,1.0
2024-10-02 17:07:00,2449.46,1.0
2024-10-02 17:08:00,2452.29,1.0
2024-10-02 17:09:00,2451.02,1.0
2024-10-02 17:10:00,2449.52,0.9999
2024-10-02 17:11:00,2448.78,0.9999
2024-10-02 17:12:00,2447.17,1.0
2024-10-02 17:13:00,2451.32,0.9999
2024-10-02 17:14:00,2452.63,1.0
2024-10-02 17:15:00,2453.13,0.9999
2024-10-02 17:16:00,2452.16,1.0
2024-10-02 17:17:00,2453.0,1.0
2024-10-02 17:18:00,2453.15,0.9999
2024-10-02 17:19:00,2453.51,0.9999
2024-10-02 17:20:00,2452.4,0.9999
2024-10-02 17:21:00,2452.58,1.0
2024-10-02 17:22:00,2452.0,1.0
2024-10-02 17:23:00,2450.71,0.9999
2024-10-02 17:24:00,2448.4,0.9999
2024-10-02 17:25:00,2448.53,1.0
2024-10-02 17:26:00,2446.78,0.9999
2024-10-02 17:27:00,2445.2,0.9999
2024-10-02 17:28:00,2448.3,1.0
2024-10-02 17:29:00,2448.31,1.0
2024-10-02 17:30:00,2447.77,1.0
2024-10-02 17:31:00,2445.25,1.0
2024-10-02 17:32:00,2447.6,1.0
2024-10-02 17:33:00,2446.16,1.0
2024-10-02 17:34:00,2439.43,1.0
2024-10-02 17:35:00,2434.66,1.0
2024-10-02 17:36:00,2439.27,1.0001
2024-10-02 17:37:00,2439.11,1.0001
2024-10-02 17:38:00,2441.79,1.0001
2024-10-02 17:39:00,2440.81,1.0001
2024-10-02 17:40:00,2441.72,1.0
2024-10-02 17:41:00,2440.1,1.0001
2024-10-02 17:42:00,2441.61,1.0001
2024-10-02 17:43:00,2442.46,1.0001
2024-10-02 17:44:00,2440.8,1.0001
2024-10-02 17:45:00,2441.47,1.0
2024-10-02 17:46:00,2442.0,1.0
2024-10-02 17:47:00,2444.14,1.0
2024-10-02 17:48:00,2443.51,1.0
2024-10-02 17:49:00,2443.6,1.0001
2024-10-02 17:50:00,2443.94,1.0001
2024-10-02 17:51:00,2443.1,1.0001
2024-10-02 17:52:00,2443.79,1.0
2024-10-02 17:53:00,2445.45,1.0
2024-10-02 17:54:00,2443.89,1.0001
2024-10-02 17:55:00,2445.44,1.0001
2024-10-02 17:56:00,2444.45,1.0
2024-10-02 17:57:00,2447.29,1.0001
2024-10-02 17:58:00,2449.17,1.0001
2024-10-02 17:59:00,2447.85,1.0
2024-10-02 18:00:00,2446.71,1.0
2024-10-02 18:01:00,2445.99,1.0001
2024-10-02 18:02:00,2444.93,1.0
2024-10-02 18:03:00,2446.4,1.0
2024-10-02 18:04:00,2444.9,1.0
2024-10-02 18:05:00,2436.17,1.0
2024-10-02 18:06:00,2433.05,1.0
2024-10-02 18:07:00,2434.29,1.0001
2024-10-02 18:08:00,2434.62,1.0001
2024-10-02 18:09:00,2429.37,1.0
2024-10-02 18:10:00,2432.4,1.0
2024-10-02 18:11:00,2429.27,1.0
2024-10-02 18:12:00,2428.63,1.0
2024-10-02 18:13:00,2427.99,1.0001
2024-10-02 18:14:00,2424.82,1.0
2024-10-02 18:15:00,2415.57,1.0
2024-10-02 18:16:00,2413.2,1.0001
2024-10-02 18:17:00,2402.88,1.0
2024-10-02 18:18:00,2399.43,1.0001
2024-10-02 18:19:00,2406.35,1.0001
2024-10-02 18:20:00,2402.61,1.0001
2024-10-02 18:21:00,2398.68,1.0
2024-10-02 18:22:00,2408.69,1.0001
2024-10-02 18:23:00,2407.71,1.0
2024-10-02 18:24:00,2413.06,1.0
2024-10-02 18:25:00,2414.69,1.0
2024-10-02 18:26:00,2415.79,1.0
2024-10-02 18:27:00,2410.36,1.0
2024-10-02 18:28:00,2411.11,1.0001
2024-10-02 18:29:00,2410.07,1.0
2024-10-02 18:30:00,2411.82,1.0
2024-10-02 18:31:00,2405.94,1.0
2024-10-02 18:32:00,2403.62,1.0
2024-10-02 18:33:00,2408.76,1.0001
2024-10-02 18:34:00,2406.93,1.0
2024-10-02 18:35:00,2409.17,1.0
2024-10-02 18:36:00,2404.72,1.0
2024-10-02 18:37:00,2405.0,1.0001
2024-10-02 18:38:00,2407.28,1.0
2024-10-02 18:39:00,2409.49,1.0
2024-10-02 18:40:00,2410.2,1.0
2024-10-02 18:41:00,2407.33,1.0
2024-10-02 18:42:00,2412.55,1.0
2024-10-02 18:43:00,2415.02,1.0
2024-10-02 18:44:00,2416.61,1.0
2024-10-02 18:45:00,2421.61,1.0001
2024-10-02 18:46:00,2416.0,1.0
2024-10-02 18:47:00,2414.33,1.0001
2024-10-02 18:48:00,2408.85,1.0
2024-10-02 18:49:00,2411.0,1.0001
2024-10-02 18:50:00,2411.79,1.0001
2024-10-02 18:51:00,2410.2,1.0001
2024-10-02 18:52:00,2406.8,1.0
2024-10-02 18:53:00,2403.88,1.0
2024-10-02 18:54:00,2402.16,1.0001
2024-10-02 18:55:00,2403.91,1.0
2024-10-02 18:56:00,2399.93,1.0
2024-10-02 18:57:00,2400.56,1.0
2024-10-02 18:58:00,2401.87,1.0
2024-10-02 18:59:00,2395.38,1.0
2024-10-02 19:00:00,2389.82,1.0
2024-10-02 19:01:00,2385.0,0.9999
2024-10-02 19:02:00,2395.18,0.9999
2024-10-02 19:03:00,2392.54,1.0
2024-10-02 19:04:00,2391.5,1.0
2024-10-02 19:05:00,2382.65,0.9999
2024-10-02 19:06:00,2381.8,0.9999
2024-10-02 19:07:00,2376.52,0.9999
2024-10-02 19:08:00,2376.79,1.0
2024-10-02 19:09:00,2388.08,0.9999
2024-10-02 19:10:00,2390.88,1.0
2024-10-02 19:11:00,2391.61,1.0
2024-10-02 19:12:00,2389.4,1.0
2024-10-02 19:13:00,2392.84,1.0
2024-10-02 19:14:00,2397.04,1.0
2024-10-02 19:15:00,2396.22,0.9999
2024-10-02 19:16:00,2390.87,1.0
2024-10-02 19:17:00,2389.65,1.0
2024-10-02 19:18:00,2389.54,1.0
2024-10-02 19:19:00,2385.88,1.0
2024-10-02 19:20:00,2378.16,1.0
2024-10-02 19:21:00,2381.78,1.0001
2024-10-02 19:22:00,2383.88,1.0001
2024-10-02 19:23:00,2385.56,1.0001
2024-10-02 19:24:00,2390.12,1.0
2024-10-02 19:25:00,2382.72,1.0
2024-10-02 19:26:00,2383.13,1.0
2024-10-02 19:27:00,2381.45,1.0001
2024-10-02 19:28:00,2379.53,1.0
2024-10-02 19:29:00,2381.67,1.0001
2024-10-02 19:30:00,2383.67,1.0001
2024-10-02 19:31:00,2388.06,1.0001
2024-10-02 19:32:00,2389.08,1.0
2024-10-02 19:33:00,2385.36,1.0001
2024-10-02 19:34:00,2386.75,1.0001
2024-10-02 19:35:00,2387.09,1.0001
2024-10-02 19:36:00,2384.52,1.0
2024-10-02 19:37:00,2377.41,1.0001
2024-10-02 19:38:00,2383.37,1.0001
2024-10-02 19:39:00,2384.99,1.0001
2024-10-02 19:40:00,2390.95,1.0001
2024-10-02 19:41:00,2390.75,1.0001
2024-10-02 19:42:00,2383.11,1.0001
2024-10-02 19:43:00,2380.94,1.0002
2024-10-02 19:44:00,2380.3,1.0002
2024-10-02 19:45:00,2378.51,1.0001
2024-10-02 19:46:00,2371.24,1.0001
2024-10-02 19:47:00,2372.06,1.0002
2024-10-02 19:48:00,2380.22,1.0001
2024-10-02 19:49:00,2374.47,1.0001
2024-10-02 19:50:00,2370.1,1.0001
2024-10-02 19:51:00,2370.51,1.0002
2024-10-02 19:52:00,2376.87,1.0001
2024-10-02 19:53:00,2372.62,1.0002
2024-10-02 19:54:00,2379.77,1.0002
2024-10-02 19:55:00,2377.56,1.0001
2024-10-02 19:56:00,2380.55,1.0001
2024-10-02 19:57:00,2378.13,1.0001
2024-10-02 19:58:00,2380.87,1.0001
2024-10-02 19:59:00,2381.02,1.0002
2024-10-02 20:00:00,2371.77,1.0002
2024-10-02 20:01:00,2376.8,1.0001
2024-10-02 20:02:00,2372.39,1.0001
2024-10-02 20:03:00,2375.25,1.0001
2024-10-02 20:04:00,2366.86,1.0001
2024-10-02 20:05:00,2374.71,1.0001
2024-10-02 20:06:00,2373.78,1.0001
2024-10-02 20:07:00,2367.69,1.0001
2024-10-02 20:08:00,2367.97,1.0001
2024-10-02 20:09:00,2369.99,1.0001
2024-10-02 20:10:00,2378.04,1.0002
2024-10-02 20:11:00,2377.99,1.0001
2024-10-02 20:12:00,2370.35,1.0001
2024-10-02 20:13:00,2373.47,1.0001
2024-10-02 20:14:00,2363.77,1.0001
2024-10-02 20:15:00,2366.74,1.0002
2024-10-02 20:16:00,2366.19,1.0001
2024-10-02 20:17:00,2372.4,1.0001
2024-10-02 20:18:00,2372.41,1.0001
2024-10-02 20:19:00,2366.66,1.0001
2024-10-02 20:20:00,2368.34,1.0002
2024-10-02 20:21:00,2366.15,1.0002
2024-10-02 20:22:00,2369.28,1.0002
2024-10-02 20:23:00,2369.84,1.0002
2024-10-02 20:24:00,2365.51,1.0001
2024-10-02 20:25:00,2367.19,1.0001
2024-10-02 20:26:00,2362.68,1.0001
2024-10-02 20:27:00,2363.42,1.0001
2024-10-02 20:28:00,2364.72,1.0001
2024-10-02 20:29:00,2366.84,1.0002
2024-10-02 20:30:00,2368.85,1.0001
2024-10-02 20:31:00,2370.6,1.0002
2024-10-02 20:32:00,2369.14,1.0002
2024-10-02 20:33:00,2378.04,1.0001
2024-10-02 20:34:00,2376.97,1.0002
2024-10-02 20:35:00,2377.61,1.0001
2024-10-02 20:36:00,2380.53,1.0001
2024-10-02 20:37:00,2379.81,1.0001
2024-10-02 20:38:00,2375.93,1.0001
2024-10-02 20:39:00,2380.63,1.0001
2024-10-02 20:40:00,2381.18,1.0002
2024-10-02 20:41:00,2377.94,1.0001
2024-10-02 20:42:00,2379.44,1.0001
2024-10-02 20:43:00,2381.58,1.0002
2024-10-02 20:44:00,2383.78,1.0002
2024-10-02 20:45:00,2386.01,1.0001
2024-10-02 20:46:00,2383.72,1.0002
2024-10-02 20:47:00,2380.84,1.0001
2024-10-02 20:48:00,2383.12,1.0002
2024-10-02 20:49:00,2385.24,1.0002
2024-10-02 20:50:00,2384.05,1.0002
2024-10-02 20:51:00,2386.09,1.0001
2024-10-02 20:52:00,2384.57,1.0001
2024-10-02 20:53:00,2389.82,1.0002
2024-10-02 20:54:00,2390.77,1.0001
2024-10-02 20:55:00,2385.93,1.0002
2024-10-02 20:56:00,2383.3,1.0001
2024-10-02 20:57:00,2385.24,1.0001
2024-10-02 20:58:00,2387.3,1.0001
2024-10-02 20:59:00,2388.58,1.0001
2024-10-02 21:00:00,2386.11,1.0001
2024-10-02 21:01:00,2385.82,1.0002
2024-10-02 21:02:00,2385.21,1.0001
2024-10-02 21:03:00,2386.68,1.0001
2024-10-02 21:04:00,2385.48,1.0002
2024-10-02 21:05:00,2382.0,1.0001
2024-10-02 21:06:00,2379.15,1.0001
2024-10-02 21:07:00,2378.81,1.0001
2024-10-02 21:08:00,2374.6,1.0002
2024-10-02 21:09:00,2375.22,1.0002
2024-10-02 21:10:00,2367.77,1.0001
2024-10-02 21:11:00,2370.59,1.0002
2024-10-02 21:12:00,2371.05,1.0002
2024-10-02 21:13:00,2370.23,1.0001
2024-10-02 21:14:00,2369.88,1.0001
2024-10-02 21:15:00,2368.64,1.0001
2024-10-02 21:16:00,2365.88,1.0001
2024-10-02 21:17:00,2367.21,1.0001
2024-10-02 21:18:00,2366.23,1.0001
2024-10-02 21:19:00,2365.53,1.0001
2024-10-02 21:20:00,2365.59,1.0002
2024-10-02 21:21:00,2367.74,1.0001
2024-10-02 21:22:00,2368.11,1.0001
2024-10-02 21:23:00,2367.42,1.0001
2024-10-02 21:24:00,2370.4,1.0002
2024-10-02 21:25:00,2370.75,1.0001
2024-10-02 21:26:00,2370.4,1.0002
2024-10-02 21:27:00,2370.4,1.0002
2024-10-02 21:28:00,2371.96,1.0001
2024-10-02 21:29:00,2373.4,1.0002
2024-10-02 21:30:00,2375.41,1.0002
2024-10-02 21:31:00,2376.85,1.0001
2024-10-02 21:32:00,2377.81,1.0001
2024-10-02 21:33:00,2377.98,1.0001
2024-10-02 21:34:00,2376.44,1.0002
2024-10-02 21:35:00,2373.01,1.0001
2024-10-02 21:36:00,2368.47,1.0001
2024-10-02 21:37:00,2367.53,1.0001
2024-10-02 21:38:00,2368.57,1.0001
2024-10-02 21:39:00,2367.46,1.0001
2024-10-02 21:40:00,2369.74,1.0001
2024-10-02 21:41:00,2368.39,1.0002
2024-10-02 21:42:00,2367.32,1.0001
2024-10-02 21:43:00,2367.59,1.0002
2024-10-02 21:44:00,2370.28,1.0002
2024-10-02 21:45:00,2372.01,1.0001
2024-10-02 21:46:00,2375.94,1.0001
2024-10-02 21:47:00,2378.16,1.0002
2024-10-02 21:48:00,2378.54,1.0002
2024-10-02 21:49:00,2378.93,1.0001
2024-10-02 21:50:00,2377.09,1.0001
2024-10-02 21:51:00,2375.52,1.0001
2024-10-02 21:52:00,2375.98,1.0002
2024-10-02 21:53:00,2378.89,1.0002
2024-10-02 21:54:00,2377.23,1.0001
2024-10-02 21:55:00,2379.16,1.0002
2024-10-02 21:56:00,2381.37,1.0002
2024-10-02 21:57:00,2383.39,1.0002
2024-10-02 21:58:00,2381.28,1.0002
2024-10-02 21:59:00,2380.84,1.0002
2024-10-02 22:00:00,2378.95,1.0001
2024-10-02 22:01:00,2376.94,1.0002
2024-10-02 22:02:00,2376.24,1.0001
2024-10-02 22:03:00,2375.37,1.0002
2024-10-02 22:04:00,2375.2,1.0001
2024-10-02 22:05:00,2374.51,1.0001
2024-10-02 22:06:00,2376.44,1.0001
2024-10-02 22:07:00,2366.7,1.0001
2024-10-02 22:08:00,2365.57,1.0001
2024-10-02 22:09:00,2365.56,1.0002
2024-10-02 22:10:00,2366.65,1.0001
2024-10-02 22:11:00,2361.95,1.0001
2024-10-02 22:12:00,2353.57,1.0001
2024-10-02 22:13:00,2354.61,1.0001
2024-10-02 22:14:00,2358.59,1.0001
2024-10-02 22:15:00,2359.89,1.0001
2024-10-02 22:16:00,2359.58,1.0001
2024-10-02 22:17:00,2363.37,1.0002
2024-10-02 22:18:00,2365.08,1.0001
2024-10-02 22:19:00,2365.18,1.0002
2024-10-02 22:20:00,2365.8,1.0002
2024-10-02 22:21:00,2357.85,1.0001
2024-10-02 22:22:00,2357.09,1.0001
2024-10-02 22:23:00,2361.27,1.0001
2024-10-02 22:24:00,2359.15,1.0001
2024-10-02 22:25:00,2356.71,1.0001
2024-10-02 22:26:00,2360.75,1.0001
2024-10-02 22:27:00,2359.92,1.0002
2024-10-02 22:28:00,2362.88,1.0002
2024-10-02 22:29:00,2360.44,1.0001
2024-10-02 22:30:00,2361.72,1.0002
2024-10-02 22:31:00,2362.12,1.0002
2024-10-02 22:32:00,2363.79,1.0002
2024-10-02 22:33:00,2365.38,1.0001
2024-10-02 22:34:00,2368.51,1.0002
2024-10-02 22:35:00,2366.8,1.0002
2024-10-02 22:36:00,2371.99,1.0002
2024-10-02 22:37:00,2371.4,1.0001
2024-10-02 22:38:00,2371.08,1.0001
2024-10-02 22:39:00,2372.21,1.0001
2024-10-02 22:40:00,2372.53,1.0002
2024-10-02 22:41:00,2374.4,1.0002
2024-10-02 22:42:00,2375.95,1.0002
2024-10-02 22:43:00,2375.56,1.0001
2024-10-02 22:44:00,2376.91,1.0001
2024-10-02 22:45:00,2376.42,1.0002
2024-10-02 22:46:00,2374.62,1.0002
2024-10-02 22:47:00,2377.7,1.0002
2024-10-02 22:48:00,2375.01,1.0001
2024-10-02 22:49:00,2375.99,1.0002
2024-10-02 22:50:00,2376.64,1.0001
2024-10-02 22:51:00,2377.99,1.0002
2024-10-02 22:52:00,2377.58,1.0001
2024-10-02 22:53:00,2376.78,1.0002
2024-10-02 22:54:00,2377.02,1.0001
2024-10-02 22:55:00,2378.65,1.0002
2024-10-02 22:56:00,2379.19,1.0001
2024-10-02 22:57:00,2379.28,1.0002
2024-10-02 22:58:00,2379.66,1.0002
2024-10-02 22:59:00,2381.31,1.0002
2024-10-02 23:00:00,2382.12,1.0002
2024-10-02 23:01:00,2382.58,1.0001
2024-10-02 23:02:00,2382.13,1.0001
2024-10-02 23:03:00,2376.8,1.0002
2024-10-02 23:04:00,2377.63,1.0001
2024-10-02 23:05:00,2380.44,1.0002
2024-10-02 23:06:00,2379.14,1.0002
2024-10-02 23:07:00,2378.21,1.0002
2024-10-02 23:08:00,2377.87,1.0001
2024-10-02 23:09:00,2376.42,1.0001
2024-10-02 23:10:00,2377.01,1.0002
2024-10-02 23:11:00,2375.41,1.0002
2024-10-02 23:12:00,2377.32,1.0001
2024-10-02 23:13:00,2377.45,1.0001
2024-10-02 23:14:00,2375.03,1.0001
2024-10-02 23:15:00,2375.53,1.0002
2024-10-02 23:16:00,2375.59,1.0001
2024-10-02 23:17:00,2377.01,1.0001
2024-10-02 23:18:00,2377.7,1.0001
2024-10-02 23:19:00,2374.38,1.0001
2024-10-02 23:20:00,2374.5,1.0001
2024-10-02 23:21:00,2376.47,1.0001
2024-10-02 23:22:00,2375.6,1.0002
2024-10-02 23:23:00,2374.11,1.0002
2024-10-02 23:24:00,2374.77,1.0001
2024-10-02 23:25:00,2373.29,1.0001
2024-10-02 23:26:00,2372.6,1.0001
2024-10-02 23:27:00,2371.56,1.0001
2024-10-02 23:28:00,2371.46,1.0002
2024-10-02 23:29:00,2372.75,1.0001
2024-10-02 23:30:00,2371.34,1.0001
2024-10-02 23:31:00,2370.01,1.0002
2024-10-02 23:32:00,2370.01,1.0002
2024-10-02 23:33:00,2370.01,1.0001
2024-10-02 23:34:00,2372.1,1.0001
2024-10-02 23:35:00,2370.8,1.0002
2024-10-02 23:36:00,2368.06,1.0002
2024-10-02 23:37:00,2368.81,1.0001
2024-10-02 23:38:00,2368.43,1.0001
2024-10-02 23:39:00,2368.4,1.0002
2024-10-02 23:40:00,2368.4,1.0002
2024-10-02 23:41:00,2369.44,1.0002
2024-10-02 23:42:00,2369.14,1.0001
2024-10-02 23:43:00,2366.0,1.0001
2024-10-02 23:44:00,2367.95,1.0002
2024-10-02 23:45:00,2367.5,1.0001
2024-10-02 23:46:00,2368.01,1.0001
2024-10-02 23:47:00,2370.15,1.0001
2024-10-02 23:48:00,2366.73,1.0001
2024-10-02 23:49:00,2361.52,1.0002
2024-10-02 23:50:00,2363.04,1.0002
2024-10-02 23:51:00,2360.74,1.0001
2024-10-02 23:52:00,2364.72,1.0002
2024-10-02 23:53:00,2364.7,1.0001
2024-10-02 23:54:00,2367.47,1.0001
2024-10-02 23:55:00,2366.42,1.0001
2024-10-02 23:56:00,2368.38,1.0001
2024-10-02 23:57:00,2369.79,1.0001
2024-10-02 23:58:00,2366.4,1.0002
2024-10-02 23:59:00,2364.7,1.0001
2024-10-03 00:00:00,2364.09,1.0002
2024-10-03 00:01:00,2365.98,1.0001
2024-10-03 00:02:00,2367.49,1.0002
2024-10-03 00:03:00,2363.54,1.0001
2024-10-03 00:04:00,2364.41,1.0002
2024-10-03 00:05:00,2356.97,1.0001
2024-10-03 00:06:00,2358.62,1.0002
2024-10-03 00:07:00,2358.71,1.0001
2024-10-03 00:08:00,2365.57,1.0002
2024-10-03 00:09:00,2361.61,1.0001
2024-10-03 00:10:00,2365.84,1.0002
2024-10-03 00:11:00,2369.81,1.0002
2024-10-03 00:12:00,2372.01,1.0002
2024-10-03 00:13:00,2371.68,1.0001
2024-10-03 00:14:00,2369.4,1.0002
2024-10-03 00:15:00,2370.67,1.0001
2024-10-03 00:16:00,2373.16,1.0002
2024-10-03 00:17:00,2369.48,1.0001
2024-10-03 00:18:00,2367.12,1.0001
2024-10-03 00:19:00,2364.61,1.0002
2024-10-03 00:20:00,2359.86,1.0001
2024-10-03 00:21:00,2361.12,1.0002
2024-10-03 00:22:00,2362.32,1.0002
2024-10-03 00:23:00,2359.4,1.0001
2024-10-03 00:24:00,2353.52,1.0002
2024-10-03 00:25:00,2357.31,1.0002
2024-10-03 00:26:00,2356.2,1.0001
2024-10-03 00:27:00,2359.8,1.0002
2024-10-03 00:28:00,2364.82,1.0001
2024-10-03 00:29:00,2366.45,1.0002
2024-10-03 00:30:00,2367.8,1.0002
2024-10-03 00:31:00,2369.29,1.0001
2024-10-03 00:32:00,2369.48,1.0002
2024-10-03 00:33:00,2374.2,1.0002
2024-10-03 00:34:00,2377.69,1.0002
2024-10-03 00:35:00,2377.17,1.0001
2024-10-03 00:36:00,2375.2,1.0001
2024-10-03 00:37:00,2378.8,1.0001
2024-10-03 00:38:00,2377.67,1.0002
2024-10-03 00:39:00,2381.29,1.0001
2024-10-03 00:40:00,2382.08,1.0002
2024-10-03 00:41:00,2380.0,1.0001
2024-10-03 00:42:00,2377.02,1.0002
2024-10-03 00:43:00,2373.31,1.0001
2024-10-03 00:44:00,2370.4,1.0002
2024-10-03 00:45:00,2369.99,1.0001
2024-10-03 00:46:00,2372.65,1.0002
2024-10-03 00:47:00,2372.98,1.0002
2024-10-03 00:48:00,2375.92,1.0001
2024-10-03 00:49:00,2376.55,1.0002
2024-10-03 00:50:00,2373.41,1.0002
2024-10-03 00:51:00,2375.41,1.0001
2024-10-03 00:52:00,2375.0,1.0001
2024-10-03 00:53:00,2374.63,1.0002
2024-10-03 00:54:00,2373.91,1.0001
2024-10-03 00:55:00,2369.87,1.0002
2024-10-03 00:56:00,2368.4,1.0001
2024-10-03 00:57:00,2368.76,1.0001
2024-10-03 00:58:00,2368.0,1.0001
2024-10-03 00:59:00,2371.58,1.0
2024-10-03 01:00:00,2372.16,1.0
2024-10-03 01:01:00,2374.78,1.0001
2024-10-03 01:02:00,2377.43,1.0001
2024-10-03 01:03:00,2381.61,1.0001
2024-10-03 01:04:00,2381.17,1.0001
2024-10-03 01:05:00,2383.8,1.0001
2024-10-03 01:06:00,2381.76,1.0
2024-10-03 01:07:00,2381.77,1.0
2024-10-03 01:08:00,2378.15,1.0
2024-10-03 01:09:00,2379.91,1.0001
2024-10-03 01:10:00,2378.14,1.0001
2024-10-03 01:11:00,2379.31,1.0
2024-10-03 01:12:00,2381.46,1.0001
2024-10-03 01:13:00,2381.46,1.0001
2024-10-03 01:14:00,2383.0,1.0
2024-10-03 01:15:00,2384.77,1.0001
2024-10-03 01:16:00,2382.81,1.0001
2024-10-03 01:17:00,2385.4,1.0001
2024-10-03 01:18:00,2383.89,1.0
2024-10-03 01:19:00,2384.69,1.0001
2024-10-03 01:20:00,2383.69,1.0
2024-10-03 01:21:00,2386.41,1.0001
2024-10-03 01:22:00,2387.64,1.0001
2024-10-03 01:23:00,2387.02,1.0001
2024-10-03 01:24:00,2385.99,1.0001
2024-10-03 01:25:00,2388.21,1.0001
2024-10-03 01:26:00,2388.05,1.0001
2024-10-03 01:27:00,2387.05,1.0
2024-10-03 01:28:00,2386.49,1.0
2024-10-03 01:29:00,2389.99,1.0
2024-10-03 01:30:00,2391.84,1.0001
2024-10-03 01:31:00,2391.38,1.0
2024-10-03 01:32:00,2388.67,1.0001
2024-10-03 01:33:00,2390.29,1.0001
2024-10-03 01:34:00,2389.21,1.0001
2024-10-03 01:35:00,2389.28,1.0001
2024-10-03 01:36:00,2385.6,1.0
2024-10-03 01:37:00,2387.81,1.0
2024-10-03 01:38:00,2387.12,1.0
2024-10-03 01:39:00,2389.5,1.0001
2024-10-03 01:40:00,2391.56,1.0001
2024-10-03 01:41:00,2389.5,1.0
2024-10-03 01:42:00,2388.11,1.0001
2024-10-03 01:43:00,2386.48,1.0
2024-10-03 01:44:00,2386.28,1.0001
2024-10-03 01:45:00,2383.45,1.0001
2024-10-03 01:46:00,2380.09,1.0001
2024-10-03 01:47:00,2379.02,1.0
2024-10-03 01:48:00,2380.62,1.0
2024-10-03 01:49:00,2381.07,1.0001
2024-10-03 01:50:00,2381.5,1.0
2024-10-03 01:51:00,2382.31,1.0001
2024-10-03 01:52:00,2384.0,1.0
2024-10-03 01:53:00,2385.57,1.0001
2024-10-03 01:54:00,2385.86,1.0001
2024-10-03 01:55:00,2386.49,1.0002
2024-10-03 01:56:00,2386.93,1.0001
2024-10-03 01:57:00,2386.86,1.0001
2024-10-03 01:58:00,2384.13,1.0002
2024-10-03 01:59:00,2384.53,1.0001
2024-10-03 02:00:00,2384.54,1.0001
2024-10-03 02:01:00,2383.85,1.0002
2024-10-03 02:02:00,2382.83,1.0001
2024-10-03 02:03:00,2386.1,1.0001
2024-10-03 02:04:00,2383.79,1.0
2024-10-03 02:05:00,2382.34,1.0001
2024-10-03 02:06:00,2383.99,1.0001
2024-10-03 02:07:00,2384.87,1.0001
2024-10-03 02:08:00,2385.33,1.0
2024-10-03 02:09:00,2387.15,1.0001
2024-10-03 02:10:00,2389.9,1.0001
2024-10-03 02:11:00,2390.22,1.0
2024-10-03 02:12:00,2392.52,1.0001
2024-10-03 02:13:00,2390.62,1.0001
2024-10-03 02:14:00,2388.33,1.0001
2024-10-03 02:15:00,2392.13,1.0001
2024-10-03 02:16:00,2391.82,1.0001
2024-10-03 02:17:00,2389.75,1.0001
2024-10-03 02:18:00,2387.49,1.0001
2024-10-03 02:19:00,2391.51,1.0001
2024-10-03 02:20:00,2391.21,1.0001
2024-10-03 02:21:00,2392.76,1.0
2024-10-03 02:22:00,2391.51,1.0
2024-10-03 02:23:00,2391.38,1.0
2024-10-03 02:24:00,2389.49,1.0
2024-10-03 02:25:00,2388.02,1.0
2024-10-03 02:26:00,2387.81,1.0
2024-10-03 02:27:00,2389.89,1.0001
2024-10-03 02:28:00,2389.28,1.0001
2024-10-03 02:29:00,2388.51,1.0
2024-10-03 02:30:00,2390.4,1.0001
2024-10-03 02:31:00,2389.1,1.0
2024-10-03 02:32:00,2389.66,1.0
2024-10-03 02:33:00,2387.33,1.0001
2024-10-03 02:34:00,2390.84,1.0001
2024-10-03 02:35:00,2389.7,1.0
2024-10-03 02:36:00,2389.5,1.0
2024-10-03 02:37:00,2388.98,1.0
2024-10-03 02:38:00,2387.9,1.0
2024-10-03 02:39:00,2387.9,1.0001
2024-10-03 02:40:00,2386.12,1.0001
2024-10-03 02:41:00,2386.97,1.0001
2024-10-03 02:42:00,2386.22,1.0
2024-10-03 02:43:00,2385.27,1.0001
2024-10-03 02:44:00,2386.48,1.0
2024-10-03 02:45:00,2388.19,1.0001
2024-10-03 02:46:00,2390.5,1.0
2024-10-03 02:47:00,2391.13,1.0
2024-10-03 02:48:00,2392.28,1.0001
2024-10-03 02:49:00,2396.61,1.0
2024-10-03 02:50:00,2394.6,1.0001
2024-10-03 02:51:00,2395.16,1.0001
2024-10-03 02:52:00,2393.81,1.0
2024-10-03 02:53:00,2394.55,1.0
2024-10-03 02:54:00,2395.1,1.0
2024-10-03 02:55:00,2394.33,1.0001
2024-10-03 02:56:00,2393.22,1.0001
2024-10-03 02:57:00,2393.67,1.0
2024-10-03 02:58:00,2393.87,1.0001
2024-10-03 02:59:00,2392.88,1.0002
2024-10-03 03:00:00,2391.8,1.0002
2024-10-03 03:01:00,2391.72,1.0001
2024-10-03 03:02:00,2392.2,1.0001
2024-10-03 03:03:00,2387.87,1.0001
2024-10-03 03:04:00,2388.66,1.0001
2024-10-03 03:05:00,2388.19,1.0001
2024-10-03 03:06:00,2388.89,1.0001
2024-10-03 03:07:00,2387.96,1.0001
2024-10-03 03:08:00,2387.52,1.0002
2024-10-03 03:09:00,2387.14,1.0001
2024-10-03 03:10:00,2387.8,1.0002
2024-10-03 03:11:00,2388.07,1.0002
2024-10-03 03:12:00,2387.84,1.0002
2024-10-03 03:13:00,2387.61,1.0001
2024-10-03 03:14:00,2386.53,1.0002
2024-10-03 03:15:00,2387.22,1.0001
2024-10-03 03:16:00,2387.31,1.0001
2024-10-03 03:17:00,2387.82,1.0001
2024-10-03 03:18:00,2386.16,1.0001
2024-10-03 03:19:00,2391.51,1.0001
2024-10-03 03:20:00,2393.18,1.0001
2024-10-03 03:21:00,2392.68,1.0
2024-10-03 03:22:00,2392.62,1.0
2024-10-03 03:23:00,2393.8,1.0001
2024-10-03 03:24:00,2394.19,1.0
2024-10-03 03:25:00,2394.0,1.0
2024-10-03 03:26:00,2393.51,1.0
2024-10-03 03:27:00,2393.69,1.0001
2024-10-03 03:28:00,2396.08,1.0001
2024-10-03 03:29:00,2394.0,1.0001
2024-10-03 03:30:00,2392.17,1.0
2024-10-03 03:31:00,2394.43,1.0001
2024-10-03 03:32:00,2395.99,1.0001
2024-10-03 03:33:00,2398.08,1.0
2024-10-03 03:34:00,2396.22,1.0
2024-10-03 03:35:00,2395.79,1.0001
2024-10-03 03:36:00,2395.76,1.0
2024-10-03 03:37:00,2396.28,1.0
2024-10-03 03:38:00,2393.09,1.0
2024-10-03 03:39:00,2390.25,1.0
2024-10-03 03:40:00,2389.61,1.0
2024-10-03 03:41:00,2389.18,1.0
2024-10-03 03:42:00,2390.63,1.0
2024-10-03 03:43:00,2391.44,1.0
2024-10-03 03:44:00,2390.14,1.0
2024-10-03 03:45:00,2391.4,1.0
2024-10-03 03:46:00,2391.42,1.0
2024-10-03 03:47:00,2391.5,1.0
2024-10-03 03:48:00,2391.5,1.0
2024-10-03 03:49:00,2392.52,1.0001
2024-10-03 03:50:00,2393.53,1.0
2024-10-03 03:51:00,2394.61,1.0001
2024-10-03 03:52:00,2395.2,1.0
2024-10-03 03:53:00,2394.47,1.0001
2024-10-03 03:54:00,2394.93,1.0
2024-10-03 03:55:00,2395.29,1.0
2024-10-03 03:56:00,2396.39,1.0001
2024-10-03 03:57:00,2398.65,1.0001
2024-10-03 03:58:00,2398.55,1.0
2024-10-03 03:59:00,2399.5,1.0
2024-10-03 04:00:00,2399.32,1.0
2024-10-03 04:01:00,2398.8,1.0001
2024-10-03 04:02:00,2396.89,1.0
2024-10-03 04:03:00,2397.43,1.0001
2024-10-03 04:04:00,2397.2,1.0
2024-10-03 04:05:00,2399.05,1.0
2024-10-03 04:06:00,2395.51,1.0
2024-10-03 04:07:00,2395.85,1.0001
2024-10-03 04:08:00,2395.41,1.0
2024-10-03 04:09:00,2396.93,1.0
2024-10-03 04:10:00,2398.19,1.0
2024-10-03 04:11:00,2397.15,1.0
2024-10-03 04:12:00,2398.8,1.0
2024-10-03 04:13:00,2396.15,1.0001
2024-10-03 04:14:00,2396.15,1.0001
2024-10-03 04:15:00,2394.15,1.0001
2024-10-03 04:16:00,2394.83,1.0
2024-10-03 04:17:00,2394.96,1.0
2024-10-03 04:18:00,2395.96,1.0
2024-10-03 04:19:00,2393.46,1.0001
2024-10-03 04:20:00,2394.82,1.0
2024-10-03 04:21:00,2393.95,1.0001
2024-10-03 04:22:00,2392.78,1.0
2024-10-03 04:23:00,2391.99,1.0
2024-10-03 04:24:00,2392.51,1.0001
2024-10-03 04:25:00,2393.0,1.0001
2024-10-03 04:26:00,2393.09,1.0
2024-10-03 04:27:00,2394.02,1.0001
2024-10-03 04:28:00,2394.52,1.0
2024-10-03 04:29:00,2395.92,1.0
2024-10-03 04:30:00,2395.73,1.0
2024-10-03 04:31:00,2396.61,1.0001
2024-10-03 04:32:00,2397.88,1.0001
2024-10-03 04:33:00,2397.91,1.0001
2024-10-03 04:34:00,2397.61,1.0001
2024-10-03 04:35:00,2398.28,1.0
2024-10-03 04:36:00,2397.54,1.0
2024-10-03 04:37:00,2397.56,1.0
2024-10-03 04:38:00,2399.26,1.0
2024-10-03 04:39:00,2398.0,1.0001
2024-10-03 04:40:00,2399.59,1.0
2024-10-03 04:41:00,2399.56,1.0001
2024-10-03 04:42:00,2398.6,1.0001
2024-10-03 04:43:00,2398.71,1.0001
2024-10-03 04:44:00,2399.09,1.0
2024-10-03 04:45:00,2399.66,1.0001
2024-10-03 04:46:00,2400.66,1.0
2024-10-03 04:47:00,2403.0,1.0
2024-10-03 04:48:00,2401.78,1.0001
2024-10-03 04:49:00,2402.38,1.0
2024-10-03 04:50:00,2400.0,1.0
2024-10-03 04:51:00,2399.75,1.0001
2024-10-03 04:52:00,2399.39,1.0
2024-10-03 04:53:00,2398.53,1.0
2024-10-03 04:54:00,2396.16,1.0
2024-10-03 04:55:00,2396.09,1.0
2024-10-03 04:56:00,2395.51,1.0
2024-10-03 04:57:00,2394.75,1.0
2024-10-03 04:58:00,2395.39,1.0001
2024-10-03 04:59:00,2396.1,1.0001
2024-10-03 05:00:00,2397.55,1.0001
2024-10-03 05:01:00,2397.12,1.0
2024-10-03 05:02:00,2397.13,1.0
2024-10-03 05:03:00,2398.37,1.0
2024-10-03 05:04:00,2398.05,1.0
2024-10-03 05:05:00,2393.64,1.0
2024-10-03 05:06:00,2392.79,1.0001
2024-10-03 05:07:00,2393.27,1.0001
2024-10-03 05:08:00,2394.38,1.0001
2024-10-03 05:09:00,2394.22,1.0
2024-10-03 05:10:00,2394.76,1.0
2024-10-03 05:11:00,2394.8,1.0
2024-10-03 05:12:00,2394.3,1.0001
2024-10-03 05:13:00,2395.86,1.0
2024-10-03 05:14:00,2395.93,1.0
2024-10-03 05:15:00,2393.52,1.0001
2024-10-03 05:16:00,2394.1,1.0
2024-10-03 05:17:00,2392.69,1.0
2024-10-03 05:18:00,2392.57,1.0001
2024-10-03 05:19:00,2392.95,1.0
2024-10-03 05:20:00,2391.93,1.0
2024-10-03 05:21:00,2392.52,1.0001
2024-10-03 05:22:00,2390.33,1.0
2024-10-03 05:23:00,2389.54,1.0001
2024-10-03 05:24:00,2389.96,1.0
2024-10-03 05:25:00,2391.8,1.0
2024-10-03 05:26:00,2391.0,1.0001
2024-10-03 05:27:00,2390.92,1.0001
2024-10-03 05:28:00,2390.75,1.0
2024-10-03 05:29:00,2390.66,1.0001
2024-10-03 05:30:00,2391.38,1.0001
2024-10-03 05:31:00,2389.73,1.0001
2024-10-03 05:32:00,2390.37,1.0001
2024-10-03 05:33:00,2390.8,1.0
2024-10-03 05:34:00,2392.6,1.0001
2024-10-03 05:35:00,2389.57,1.0001
2024-10-03 05:36:00,2389.8,1.0001
2024-10-03 05:37:00,2390.05,1.0
2024-10-03 05:38:00,2388.36,1.0001
2024-10-03 05:39:00,2388.18,1.0
2024-10-03 05:40:00,2386.38,1.0
2024-10-03 05:41:00,2385.9,1.0001
2024-10-03 05:42:00,2386.39,1.0001
2024-10-03 05:43:00,2387.0,1.0001
2024-10-03 05:44:00,2387.8,1.0001
2024-10-03 05:45:00,2389.43,1.0001
2024-10-03 05:46:00,2388.94,1.0001
2024-10-03 05:47:00,2388.5,1.0
2024-10-03 05:48:00,2386.59,1.0
2024-10-03 05:49:00,2385.59,1.0001
2024-10-03 05:50:00,2384.79,1.0001
2024-10-03 05:51:00,2382.01,1.0
2024-10-03 05:52:00,2383.27,1.0
2024-10-03 05:53:00,2383.27,1.0001
2024-10-03 05:54:00,2384.78,1.0001
2024-10-03 05:55:00,2383.88,1.0001
2024-10-03 05:56:00,2382.81,1.0
2024-10-03 05:57:00,2383.84,1.0001
2024-10-03 05:58:00,2383.84,1.0
2024-10-03 05:59:00,2384.21,1.0001
2024-10-03 06:00:00,2383.62,1.0001
2024-10-03 06:01:00,2381.63,1.0001
2024-10-03 06:02:00,2380.49,1.0001
2024-10-03 06:03:00,2381.76,1.0
2024-10-03 06:04:00,2381.69,1.0
2024-10-03 06:05:00,2381.59,1.0001
2024-10-03 06:06:00,2384.65,1.0001
2024-10-03 06:07:00,2387.09,1.0001
2024-10-03 06:08:00,2385.95,1.0001
2024-10-03 06:09:00,2386.13,1.0001
2024-10-03 06:10:00,2386.8,1.0
2024-10-03 06:11:00,2388.56,1.0
2024-10-03 06:12:00,2389.59,1.0001
2024-10-03 06:13:00,2389.31,1.0001
2024-10-03 06:14:00,2389.19,1.0001
2024-10-03 06:15:00,2388.0,1.0
2024-10-03 06:16:00,2389.19,1.0
2024-10-03 06:17:00,2388.16,1.0001
2024-10-03 06:18:00,2388.8,1.0
2024-10-03 06:19:00,2388.55,1.0
2024-10-03 06:20:00,2390.4,1.0
2024-10-03 06:21:00,2390.88,1.0001
2024-10-03 06:22:00,2390.1,1.0001
2024-10-03 06:23:00,2388.62,1.0
2024-10-03 06:24:00,2388.42,1.0
2024-10-03 06:25:00,2388.0,1.0
2024-10-03 06:26:00,2386.71,1.0001
2024-10-03 06:27:00,2388.4,1.0
2024-10-03 06:28:00,2388.0,1.0
2024-10-03 06:29:00,2388.15,1.0
2024-10-03 06:30:00,2389.15,1.0001
2024-10-03 06:31:00,2388.12,1.0
2024-10-03 06:32:00,2389.17,1.0
2024-10-03 06:33:00,2390.89,1.0
2024-10-03 06:34:00,2390.4,1.0
2024-10-03 06:35:00,2391.4,1.0001
2024-10-03 06:36:00,2390.93,1.0
2024-10-03 06:37:00,2390.78,1.0
2024-10-03 06:38:00,2388.9,1.0
2024-10-03 06:39:00,2389.04,1.0
2024-10-03 06:40:00,2387.01,1.0
2024-10-03 06:41:00,2387.68,1.0
2024-10-03 06:42:00,2387.26,1.0001
2024-10-03 06:43:00,2387.47,1.0001
2024-10-03 06:44:00,2389.97,1.0001
2024-10-03 06:45:00,2393.51,1.0
2024-10-03 06:46:00,2391.84,1.0001
2024-10-03 06:47:00,2390.89,1.0
2024-10-03 06:48:00,2392.2,1.0
2024-10-03 06:49:00,2392.21,1.0
2024-10-03 06:50:00,2392.4,1.0
2024-10-03 06:51:00,2391.42,1.0
2024-10-03 06:52:00,2391.53,1.0
2024-10-03 06:53:00,2391.51,1.0001
2024-10-03 06:54:00,2388.51,1.0001
2024-10-03 06:55:00,2389.32,1.0
2024-10-03 06:56:00,2388.63,1.0
2024-10-03 06:57:00,2390.0,1.0001
2024-10-03 06:58:00,2389.8,1.0001
2024-10-03 06:59:00,2390.18,1.0
2024-10-03 07:00:00,2389.11,1.0
2024-10-03 07:01:00,2389.2,1.0001
2024-10-03 07:02:00,2388.57,1.0
2024-10-03 07:03:00,2389.8,1.0001
2024-10-03 07:04:00,2387.48,1.0
2024-10-03 07:05:00,2389.12,1.0001
2024-10-03 07:06:00,2392.56,1.0001
2024-10-03 07:07:00,2391.55,1.0001
2024-10-03 07:08:00,2391.8,1.0001
2024-10-03 07:09:00,2389.81,1.0
2024-10-03 07:10:00,2384.74,1.0
2024-10-03 07:11:00,2385.53,1.0
2024-10-03 07:12:00,2382.78,1.0
2024-10-03 07:13:00,2383.47,1.0
2024-10-03 07:14:00,2383.51,1.0001
2024-10-03 07:15:00,2382.8,1.0001
2024-10-03 07:16:00,2383.05,1.0001
2024-10-03 07:17:00,2380.97,1.0
2024-10-03 07:18:00,2376.37,1.0
2024-10-03 07:19:00,2377.16,1.0
2024-10-03 07:20:00,2378.39,1.0
2024-10-03 07:21:00,2376.2,1.0
2024-10-03 07:22:00,2378.81,1.0
2024-10-03 07:23:00,2381.17,1.0
2024-10-03 07:24:00,2379.87,1.0001
2024-10-03 07:25:00,2382.3,1.0001
2024-10-03 07:26:00,2373.48,1.0
2024-10-03 07:27:00,2376.55,1.0001
2024-10-03 07:28:00,2376.6,1.0
2024-10-03 07:29:00,2377.58,1.0
2024-10-03 07:30:00,2376.72,1.0
2024-10-03 07:31:00,2373.6,1.0
2024-10-03 07:32:00,2376.3,1.0001
2024-10-03 07:33:00,2376.78,1.0
2024-10-03 07:34:00,2377.8,1.0001
2024-10-03 07:35:00,2377.82,1.0
2024-10-03 07:36:00,2378.94,1.0
2024-10-03 07:37:00,2378.79,1.0
2024-10-03 07:38:00,2377.71,1.0
2024-10-03 07:39:00,2379.11,1.0001
2024-10-03 07:40:00,2380.47,1.0
2024-10-03 07:41:00,2378.29,1.0
2024-10-03 07:42:00,2379.61,1.0001
2024-10-03 07:43:00,2378.94,1.0
2024-10-03 07:44:00,2374.82,1.0001
2024-10-03 07:45:00,2371.59,1.0
2024-10-03 07:46:00,2370.12,1.0001
2024-10-03 07:47:00,2372.31,1.0
2024-10-03 07:48:00,2370.27,1.0
2024-10-03 07:49:00,2370.16,1.0
2024-10-03 07:50:00,2370.4,1.0001
2024-10-03 07:51:00,2367.59,1.0
2024-10-03 07:52:00,2366.04,1.0001
2024-10-03 07:53:00,2364.84,1.0001
2024-10-03 07:54:00,2364.67,1.0
2024-10-03 07:55:00,2367.98,1.0
2024-10-03 07:56:00,2365.88,1.0
2024-10-03 07:57:00,2366.59,1.0
2024-10-03 07:58:00,2366.62,1.0
2024-10-03 07:59:00,2367.36,1.0
2024-10-03 08:00:00,2364.65,1.0001
2024-10-03 08:01:00,2364.8,1.0001
2024-10-03 08:02:00,2363.6,1.0
2024-10-03 08:03:00,2363.76,1.0001
2024-10-03 08:04:00,2364.1,1.0001
2024-10-03 08:05:00,2366.16,1.0
2024-10-03 08:06:00,2360.0,1.0001
2024-10-03 08:07:00,2358.5,1.0001
2024-10-03 08:08:00,2361.58,1.0
2024-10-03 08:09:00,2358.61,1.0
2024-10-03 08:10:00,2352.15,1.0
2024-10-03 08:11:00,2354.81,1.0
2024-10-03 08:12:00,2346.44,1.0
2024-10-03 08:13:00,2351.92,1.0
2024-10-03 08:14:00,2346.6,1.0
2024-10-03 08:15:00,2343.98,1.0
2024-10-03 08:16:00,2343.51,1.0
2024-10-03 08:17:00,2349.64,1.0001
2024-10-03 08:18:00,2345.52,1.0001
2024-10-03 08:19:00,2337.58,1.0
2024-10-03 08:20:00,2338.17,1.0001
2024-10-03 08:21:00,2332.03,1.0
2024-10-03 08:22:00,2330.97,1.0001
2024-10-03 08:23:00,2332.36,1.0
2024-10-03 08:24:00,2340.25,1.0001
2024-10-03 08:25:00,2342.38,1.0
2024-10-03 08:26:00,2341.21,1.0
2024-10-03 08:27:00,2336.43,1.0
2024-10-03 08:28:00,2336.72,1.0001
2024-10-03 08:29:00,2336.77,1.0001
2024-10-03 08:30:00,2336.35,1.0
2024-10-03 08:31:00,2334.39,1.0001
2024-10-03 08:32:00,2333.79,1.0
2024-10-03 08:33:00,2334.97,1.0001
2024-10-03 08:34:00,2336.1,1.0001
2024-10-03 08:35:00,2340.23,1.0
2024-10-03 08:36:00,2338.7,1.0
2024-10-03 08:37:00,2337.02,1.0001
2024-10-03 08:38:00,2340.62,1.0001
2024-10-03 08:39:00,2341.11,1.0001
2024-10-03 08:40:00,2343.83,1.0001
2024-10-03 08:41:00,2346.98,1.0
2024-10-03 08:42:00,2345.3,1.0
2024-10-03 08:43:00,2344.53,1.0
2024-10-03 08:44:00,2344.24,1.0001
2024-10-03 08:45:00,2344.25,1.0001
2024-10-03 08:46:00,2346.22,1.0
2024-10-03 08:47:00,2343.3,1.0001
2024-10-03 08:48:00,2342.85,1.0001
2024-10-03 08:49:00,2338.16,1.0
2024-10-03 08:50:00,2338.02,1.0
2024-10-03 08:51:00,2337.27,1.0
2024-10-03 08:52:00,2334.21,1.0
2024-10-03 08:53:00,2331.7,1.0
2024-10-03 08:54:00,2331.6,1.0001
2024-10-03 08:55:00,2336.05,1.0
2024-10-03 08:56:00,2333.84,1.0
2024-10-03 08:57:00,2334.27,1.0001
2024-10-03 08:58:00,2335.5,1.0001
2024-10-03 08:59:00,2337.06,1.0
2024-10-03 09:00:00,2337.51,1.0
2024-10-03 09:01:00,2335.19,1.0001
2024-10-03 09:02:00,2331.44,1.0
2024-10-03 09:03:00,2326.19,0.9999
2024-10-03 09:04:00,2322.57,0.9999
2024-10-03 09:05:00,2324.8,1.0
2024-10-03 09:06:00,2333.89,1.0
2024-10-03 09:07:00,2330.5,1.0
2024-10-03 09:08:00,2330.34,1.0
2024-10-03 09:09:00,2326.72,1.0
2024-10-03 09:10:00,2328.57,0.9999
2024-10-03 09:11:00,2333.55,1.0
2024-10-03 09:12:00,2335.04,1.0001
2024-10-03 09:13:00,2336.63,1.0
2024-10-03 09:14:00,2337.27,1.0001
2024-10-03 09:15:00,2336.0,1.0001
2024-10-03 09:16:00,2332.42,1.0
2024-10-03 09:17:00,2334.82,1.0
2024-10-03 09:18:00,2338.15,1.0001
2024-10-03 09:19:00,2335.57,1.0
2024-10-03 09:20:00,2339.98,1.0001
2024-10-03 09:21:00,2340.32,1.0
2024-10-03 09:22:00,2342.59,1.0001
2024-10-03 09:23:00,2344.39,1.0001
2024-10-03 09:24:00,2346.0,1.0
2024-10-03 09:25:00,2346.0,1.0001
2024-10-03 09:26:00,2348.41,1.0001
2024-10-03 09:27:00,2344.54,1.0001
2024-10-03 09:28:00,2349.39,1.0001
2024-10-03 09:29:00,2349.79,1.0001
2024-10-03 09:30:00,2348.26,1.0001
2024-10-03 09:31:00,2351.2,1.0001
2024-10-03 09:32:00,2349.71,1.0001
2024-10-03 09:33:00,2347.01,1.0
2024-10-03 09:34:00,2346.91,1.0
2024-10-03 09:35:00,2348.26,1.0001
2024-10-03 09:36:00,2346.0,1.0001
2024-10-03 09:37:00,2346.59,1.0
2024-10-03 09:38:00,2347.2,1.0
2024-10-03 09:39:00,2349.26,1.0001
2024-10-03 09:40:00,2350.92,1.0001
2024-10-03 09:41:00,2346.81,1.0
2024-10-03 09:42:00,2345.77,1.0001
2024-10-03 09:43:00,2344.77,1.0
2024-10-03 09:44:00,2347.8,1.0
2024-10-03 09:45:00,2347.18,1.0001
2024-10-03 09:46:00,2348.33,1.0001
2024-10-03 09:47:00,2350.97,1.0001
2024-10-03 09:48:00,2351.46,1.0
2024-10-03 09:49:00,2351.15,1.0
2024-10-03 09:50:00,2350.83,1.0001
2024-10-03 09:51:00,2348.52,1.0001
2024-10-03 09:52:00,2350.66,1.0
2024-10-03 09:53:00,2351.0,1.0
2024-10-03 09:54:00,2350.97,1.0
2024-10-03 09:55:00,2349.21,1.0
2024-10-03 09:56:00,2350.26,1.0001
2024-10-03 09:57:00,2351.47,1.0001
2024-10-03 09:58:00,2352.71,1.0001
2024-10-03 09:59:00,2351.84,1.0
2024-10-03 10:00:00,2352.77,1.0001
2024-10-03 10:01:00,2352.39,1.0001
2024-10-03 10:02:00,2351.73,1.0
2024-10-03 10:03:00,2356.84,1.0001
2024-10-03 10:04:00,2352.41,1.0
2024-10-03 10:05:00,2353.09,1.0
2024-10-03 10:06:00,2351.87,1.0001
2024-10-03 10:07:00,2350.2,1.0
2024-10-03 10:08:00,2353.51,1.0001
2024-10-03 10:09:00,2353.5,1.0
2024-10-03 10:10:00,2353.06,1.0001
2024-10-03 10:11:00,2352.64,1.0
2024-10-03 10:12:00,2353.14,1.0001
2024-10-03 10:13:00,2352.45,1.0001
2024-10-03 10:14:00,2354.11,1.0001
2024-10-03 10:15:00,2353.93,1.0001
2024-10-03 10:16:00,2352.05,1.0001
2024-10-03 10:17:00,2350.5,1.0
2024-10-03 10:18:00,2350.36,1.0
2024-10-03 10:19:00,2350.3,1.0001
2024-10-03 10:20:00,2349.05,1.0
2024-10-03 10:21:00,2353.71,1.0
2024-10-03 10:22:00,2353.37,1.0001
2024-10-03 10:23:00,2353.69,1.0001
2024-10-03 10:24:00,2352.29,1.0001
2024-10-03 10:25:00,2352.56,1.0
2024-10-03 10:26:00,2351.55,1.0
2024-10-03 10:27:00,2351.15,1.0
2024-10-03 10:28:00,2351.14,1.0001
2024-10-03 10:29:00,2350.84,1.0
2024-10-03 10:30:00,2351.8,1.0
2024-10-03 10:31:00,2354.97,1.0001
2024-10-03 10:32:00,2355.61,1.0001
2024-10-03 10:33:00,2360.34,1.0001
2024-10-03 10:34:00,2358.19,1.0
2024-10-03 10:35:00,2356.36,1.0
2024-10-03 10:36:00,2355.57,1.0001
2024-10-03 10:37:00,2354.31,1.0001
2024-10-03 10:38:00,2354.7,1.0001
2024-10-03 10:39:00,2353.53,1.0001
2024-10-03 10:40:00,2356.33,1.0001
2024-10-03 10:41:00,2355.58,1.0001
2024-10-03 10:42:00,2358.66,1.0001
2024-10-03 10:43:00,2360.9,1.0002
2024-10-03 10:44:00,2359.99,1.0001
2024-10-03 10:45:00,2360.12,1.0001
2024-10-03 10:46:00,2361.86,1.0002
2024-10-03 10:47:00,2360.69,1.0001
2024-10-03 10:48:00,2358.8,1.0001
2024-10-03 10:49:00,2358.49,1.0001
2024-10-03 10:50:00,2359.46,1.0001
2024-10-03 10:51:00,2363.13,1.0001
2024-10-03 10:52:00,2361.47,1.0002
2024-10-03 10:53:00,2361.38,1.0001
2024-10-03 10:54:00,2360.01,1.0001
2024-10-03 10:55:00,2361.59,1.0001
2024-10-03 10:56:00,2361.43,1.0001
2024-10-03 10:57:00,2364.2,1.0002
2024-10-03 10:58:00,2363.36,1.0001
2024-10-03 10:59:00,2364.37,1.0002
2024-10-03 11:00:00,2368.57,1.0001
2024-10-03 11:01:00,2368.0,1.0002
2024-10-03 11:02:00,2367.69,1.0002
2024-10-03 11:03:00,2366.8,1.0002
2024-10-03 11:04:00,2369.28,1.0002
2024-10-03 11:05:00,2368.54,1.0001
2024-10-03 11:06:00,2366.61,1.0002
2024-10-03 11:07:00,2365.89,1.0002
2024-10-03 11:08:00,2365.71,1.0001
2024-10-03 11:09:00,2366.21,1.0001
2024-10-03 11:10:00,2366.99,1.0001
2024-10-03 11:11:00,2365.99,1.0002
2024-10-03 11:12:00,2366.0,1.0001
2024-10-03 11:13:00,2367.99,1.0002
2024-10-03 11:14:00,2367.85,1.0001
2024-10-03 11:15:00,2366.41,1.0001
2024-10-03 11:16:00,2364.93,1.0001
2024-10-03 11:17:00,2365.1,1.0001
2024-10-03 11:18:00,2362.61,1.0001
2024-10-03 11:19:00,2362.1,1.0001
2024-10-03 11:20:00,2362.11,1.0001
2024-10-03 11:21:00,2361.78,1.0001
2024-10-03 11:22:00,2361.44,1.0001
2024-10-03 11:23:00,2361.21,1.0002
2024-10-03 11:24:00,2358.32,1.0001
2024-10-03 11:25:00,2354.21,1.0001
2024-10-03 11:26:00,2355.77,1.0001
2024-10-03 11:27:00,2358.33,1.0001
2024-10-03 11:28:00,2358.52,1.0002
2024-10-03 11:29:00,2356.39,1.0001
2024-10-03 11:30:00,2356.43,1.0002
2024-10-03 11:31:00,2353.94,1.0001
2024-10-03 11:32:00,2354.41,1.0001
2024-10-03 11:33:00,2353.32,1.0001
2024-10-03 11:34:00,2352.0,1.0001
2024-10-03 11:35:00,2348.27,1.0001
2024-10-03 11:36:00,2351.38,1.0001
2024-10-03 11:37:00,2352.36,1.0001
2024-10-03 11:38:00,2356.31,1.0
2024-10-03 11:39:00,2354.46,1.0001
2024-10-03 11:40:00,2355.51,1.0001
2024-10-03 11:41:00,2353.89,1.0
2024-10-03 11:42:00,2355.64,1.0001
2024-10-03 11:43:00,2355.54,1.0
2024-10-03 11:44:00,2356.4,1.0001
2024-10-03 11:45:00,2357.12,1.0001
2024-10-03 11:46:00,2352.93,1.0
2024-10-03 11:47:00,2355.62,1.0001
2024-10-03 11:48:00,2353.65,1.0001
2024-10-03 11:49:00,2354.58,1.0
2024-10-03 11:50:00,2353.23,1.0
2024-10-03 11:51:00,2355.06,1.0002
2024-10-03 11:52:00,2352.01,1.0001
2024-10-03 11:53:00,2353.61,1.0001
2024-10-03 11:54:00,2352.78,1.0001
2024-10-03 11:55:00,2352.8,1.0002
2024-10-03 11:56:00,2352.17,1.0002
2024-10-03 11:57:00,2352.49,1.0002
2024-10-03 11:58:00,2352.34,1.0002
2024-10-03 11:59:00,2353.21,1.0001
2024-10-03 12:00:00,2352.35,1.0002
2024-10-03 12:01:00,2349.41,1.0002
2024-10-03 12:02:00,2349.0,1.0002
2024-10-03 12:03:00,2344.49,1.0001
2024-10-03 12:04:00,2343.48,1.0001
2024-10-03 12:05:00,2342.23,1.0001
2024-10-03 12:06:00,2343.4,1.0001
2024-10-03 12:07:00,2342.04,1.0001
2024-10-03 12:08:00,2340.35,1.0002
2024-10-03 12:09:00,2344.15,1.0001
2024-10-03 12:10:00,2344.64,1.0002
2024-10-03 12:11:00,2350.27,1.0002
2024-10-03 12:12:00,2347.63,1.0002
2024-10-03 12:13:00,2348.33,1.0001
2024-10-03 12:14:00,2346.39,1.0002
2024-10-03 12:15:00,2347.02,1.0002
2024-10-03 12:16:00,2347.48,1.0001
2024-10-03 12:17:00,2350.49,1.0002
2024-10-03 12:18:00,2346.81,1.0002
2024-10-03 12:19:00,2350.0,1.0001
2024-10-03 12:20:00,2350.97,1.0002
2024-10-03 12:21:00,2351.39,1.0001
2024-10-03 12:22:00,2350.43,1.0002
2024-10-03 12:23:00,2345.68,1.0
2024-10-03 12:24:00,2348.16,1.0001
2024-10-03 12:25:00,2348.31,1.0
2024-10-03 12:26:00,2349.92,1.0001
2024-10-03 12:27:00,2350.85,1.0002
2024-10-03 12:28:00,2348.53,1.0002
2024-10-03 12:29:00,2350.67,1.0002
2024-10-03 12:30:00,2348.13,1.0002
2024-10-03 12:31:00,2349.73,1.0002
2024-10-03 12:32:00,2352.58,1.0001
2024-10-03 12:33:00,2354.54,1.0002
2024-10-03 12:34:00,2354.46,1.0001
2024-10-03 12:35:00,2347.93,1.0001
2024-10-03 12:36:00,2346.99,1.0001
2024-10-03 12:37:00,2350.99,1.0002
2024-10-03 12:38:00,2350.14,1.0001
2024-10-03 12:39:00,2350.3,1.0001
2024-10-03 12:40:00,2347.1,1.0002
2024-10-03 12:41:00,2349.27,1.0001
2024-10-03 12:42:00,2348.05,1.0001
2024-10-03 12:43:00,2347.62,1.0001
2024-10-03 12:44:00,2345.6,1.0001
2024-10-03 12:45:00,2349.59,1.0001
2024-10-03 12:46:00,2352.32,1.0002
2024-10-03 12:47:00,2350.81,1.0001
2024-10-03 12:48:00,2352.46,1.0002
2024-10-03 12:49:00,2351.16,1.0001
2024-10-03 12:50:00,2350.59,1.0001
2024-10-03 12:51:00,2349.85,1.0001
2024-10-03 12:52:00,2348.21,1.0002
2024-10-03 12:53:00,2349.58,1.0002
2024-10-03 12:54:00,2350.64,1.0002
2024-10-03 12:55:00,2350.97,1.0001
2024-10-03 12:56:00,2353.91,1.0001
2024-10-03 12:57:00,2356.18,1.0001
2024-10-03 12:58:00,2356.32,1.0001
2024-10-03 12:59:00,2355.31,1.0002
2024-10-03 13:00:00,2352.34,1.0002
2024-10-03 13:01:00,2352.74,1.0001
2024-10-03 13:02:00,2353.33,1.0001
2024-10-03 13:03:00,2353.89,1.0001
2024-10-03 13:04:00,2355.3,1.0001
2024-10-03 13:05:00,2353.1,1.0001
2024-10-03 13:06:00,2352.3,1.0001
2024-10-03 13:07:00,2347.82,1.0001
2024-10-03 13:08:00,2349.6,1.0001
2024-10-03 13:09:00,2346.19,1.0001
2024-10-03 13:10:00,2346.88,1.0001
2024-10-03 13:11:00,2346.82,1.0002
2024-10-03 13:12:00,2344.91,1.0001
2024-10-03 13:13:00,2342.23,1.0001
2024-10-03 13:14:00,2341.48,1.0002
2024-10-03 13:15:00,2338.21,1.0001
2024-10-03 13:16:00,2334.47,1.0001
2024-10-03 13:17:00,2329.79,1.0002
2024-10-03 13:18:00,2326.84,1.0001
2024-10-03 13:19:00,2332.38,1.0002
2024-10-03 13:20:00,2337.67,1.0002
2024-10-03 13:21:00,2344.25,1.0001
2024-10-03 13:22:00,2347.38,1.0002
2024-10-03 13:23:00,2347.96,1.0001
2024-10-03 13:24:00,2345.28,1.0001
2024-10-03 13:25:00,2349.59,1.0002
2024-10-03 13:26:00,2353.0,1.0002
2024-10-03 13:27:00,2356.1,1.0001
2024-10-03 13:28:00,2353.92,1.0001
2024-10-03 13:29:00,2350.2,1.0001
2024-10-03 13:30:00,2353.05,1.0001
2024-10-03 13:31:00,2354.38,1.0001
2024-10-03 13:32:00,2350.27,1.0001
2024-10-03 13:33:00,2350.92,1.0001
2024-10-03 13:34:00,2353.56,1.0001
2024-10-03 13:35:00,2354.6,1.0001
2024-10-03 13:36:00,2352.77,1.0001
2024-10-03 13:37:00,2349.59,1.0001
2024-10-03 13:38:00,2346.99,1.0002
2024-10-03 13:39:00,2344.72,1.0001
2024-10-03 13:40:00,2340.82,1.0002
2024-10-03 13:41:00,2336.6,1.0001
2024-10-03 13:42:00,2343.73,1.0001
2024-10-03 13:43:00,2345.96,1.0001
2024-10-03 13:44:00,2347.8,1.0002
2024-10-03 13:45:00,2343.31,1.0001
2024-10-03 13:46:00,2342.99,1.0002
2024-10-03 13:47:00,2346.42,1.0001
2024-10-03 13:48:00,2343.38,1.0001
2024-10-03 13:49:00,2344.7,1.0002
2024-10-03 13:50:00,2345.4,1.0001
2024-10-03 13:51:00,2342.88,1.0002
2024-10-03 13:52:00,2336.72,1.0001
2024-10-03 13:53:00,2335.33,1.0001
2024-10-03 13:54:00,2338.1,1.0001
2024-10-03 13:55:00,2339.58,1.0002
2024-10-03 13:56:00,2341.13,1.0002
2024-10-03 13:57:00,2344.51,1.0001
2024-10-03 13:58:00,2345.99,1.0001
2024-10-03 13:59:00,2348.27,1.0002
2024-10-03 14:00:00,2347.3,1.0001
2024-10-03 14:01:00,2347.15,1.0001
2024-10-03 14:02:00,2348.37,1.0001
2024-10-03 14:03:00,2352.87,1.0001
2024-10-03 14:04:00,2347.37,1.0001
2024-10-03 14:05:00,2349.42,1.0002
2024-10-03 14:06:00,2354.8,1.0002
2024-10-03 14:07:00,2356.26,1.0002
2024-10-03 14:08:00,2359.99,1.0002
2024-10-03 14:09:00,2360.57,1.0001
2024-10-03 14:10:00,2357.41,1.0002
2024-10-03 14:11:00,2362.13,1.0002
2024-10-03 14:12:00,2363.1,1.0001
2024-10-03 14:13:00,2359.17,1.0002
2024-10-03 14:14:00,2351.28,1.0001
2024-10-03 14:15:00,2348.14,1.0002
2024-10-03 14:16:00,2350.99,1.0001
2024-10-03 14:17:00,2354.34,1.0002
2024-10-03 14:18:00,2356.1,1.0002
2024-10-03 14:19:00,2354.22,1.0002
2024-10-03 14:20:00,2350.94,1.0001
2024-10-03 14:21:00,2348.46,1.0002
2024-10-03 14:22:00,2347.13,1.0001
2024-10-03 14:23:00,2338.12,1.0001
2024-10-03 14:24:00,2340.3,1.0002
2024-10-03 14:25:00,2335.75,1.0001
2024-10-03 14:26:00,2331.49,1.0001
2024-10-03 14:27:00,2329.22,1.0001
2024-10-03 14:28:00,2330.51,1.0002
2024-10-03 14:29:00,2333.0,1.0002
2024-10-03 14:30:00,2329.98,1.0002
2024-10-03 14:31:00,2328.1,1.0001
2024-10-03 14:32:00,2329.17,1.0002
2024-10-03 14:33:00,2332.11,1.0002
2024-10-03 14:34:00,2333.1,1.0002
2024-10-03 14:35:00,2335.09,1.0001
2024-10-03 14:36:00,2338.01,1.0002
2024-10-03 14:37:00,2334.99,1.0002
2024-10-03 14:38:00,2333.47,1.0002
2024-10-03 14:39:00,2336.18,1.0002
2024-10-03 14:40:00,2338.39,1.0002
2024-10-03 14:41:00,2334.09,1.0001
2024-10-03 14:42:00,2329.0,1.0002
2024-10-03 14:43:00,2324.72,1.0002
2024-10-03 14:44:00,2326.54,1.0002
2024-10-03 14:45:00,2327.58,1.0002
2024-10-03 14:46:00,2324.84,1.0002
2024-10-03 14:47:00,2332.08,1.0001
2024-10-03 14:48:00,2329.54,1.0001
2024-10-03 14:49:00,2322.68,1.0002
2024-10-03 14:50:00,2323.43,1.0002
2024-10-03 14:51:00,2324.8,1.0001
2024-10-03 14:52:00,2327.54,1.0002
2024-10-03 14:53:00,2320.86,1.0002
2024-10-03 14:54:00,2321.26,1.0001
2024-10-03 14:55:00,2321.72,1.0002
2024-10-03 14:56:00,2320.25,1.0001
2024-10-03 14:57:00,2320.97,1.0001
2024-10-03 14:58:00,2319.41,1.0001
2024-10-03 14:59:00,2318.26,1.0001
2024-10-03 15:00:00,2317.55,1.0001
2024-10-03 15:01:00,2317.1,1.0001
2024-10-03 15:02:00,2318.11,1.0001
2024-10-03 15:03:00,2316.43,1.0001
2024-10-03 15:04:00,2319.46,1.0002
2024-10-03 15:05:00,2321.77,1.0002
2024-10-03 15:06:00,2324.88,1.0001
2024-10-03 15:07:00,2323.82,1.0001
2024-10-03 15:08:00,2318.2,1.0001
2024-10-03 15:09:00,2319.89,1.0002
2024-10-03 15:10:00,2317.25,1.0001
2024-10-03 15:11:00,2315.78,1.0002
2024-10-03 15:12:00,2312.9,1.0001
2024-10-03 15:13:00,2315.76,1.0002
2024-10-03 15:14:00,2315.35,1.0002
2024-10-03 15:15:00,2317.6,1.0001
2024-10-03 15:16:00,2316.67,1.0002
2024-10-03 15:17:00,2323.2,1.0002
2024-10-03 15:18:00,2321.12,1.0001
2024-10-03 15:19:00,2312.99,1.0001
2024-10-03 15:20:00,2315.44,1.0001
2024-10-03 15:21:00,2314.18,1.0002
2024-10-03 15:22:00,2315.2,1.0001
2024-10-03 15:23:00,2320.01,1.0002
2024-10-03 15:24:00,2322.39,1.0002
2024-10-03 15:25:00,2321.51,1.0001
2024-10-03 15:26:00,2316.94,1.0002
2024-10-03 15:27:00,2311.36,1.0001
2024-10-03 15:28:00,2313.67,1.0002
2024-10-03 15:29:00,2313.13,1.0001
2024-10-03 15:30:00,2314.9,1.0001
2024-10-03 15:31:00,2313.67,1.0001
2024-10-03 15:32:00,2319.05,1.0002
2024-10-03 15:33:00,2319.92,1.0002
2024-10-03 15:34:00,2319.62,1.0001
2024-10-03 15:35:00,2318.21,1.0002
2024-10-03 15:36:00,2321.0,1.0002
2024-10-03 15:37:00,2323.09,1.0001
2024-10-03 15:38:00,2321.51,1.0001
2024-10-03 15:39:00,2313.5,1.0001
2024-10-03 15:40:00,2313.14,1.0002
2024-10-03 15:41:00,2312.59,1.0001
2024-10-03 15:42:00,2313.2,1.0001
2024-10-03 15:43:00,2315.0,1.0002
2024-10-03 15:44:00,2317.04,1.0001
2024-10-03 15:45:00,2316.82,1.0001
2024-10-03 15:46:00,2319.39,1.0001
2024-10-03 15:47:00,2321.76,1.0002
2024-10-03 15:48:00,2326.36,1.0002
2024-10-03 15:49:00,2330.8,1.0002
2024-10-03 15:50:00,2327.21,1.0002
2024-10-03 15:51:00,2332.07,1.0001
2024-10-03 15:52:00,2336.0,1.0002
2024-10-03 15:53:00,2345.96,1.0002
2024-10-03 15:54:00,2341.89,1.0001
2024-10-03 15:55:00,2341.31,1.0002
2024-10-03 15:56:00,2342.72,1.0001
2024-10-03 15:57:00,2345.17,1.0002
2024-10-03 15:58:00,2341.1,1.0002
2024-10-03 15:59:00,2340.39,1.0002
2024-10-03 16:00:00,2340.6,1.0002
2024-10-03 16:01:00,2338.8,1.0001
2024-10-03 16:02:00,2342.06,1.0001
2024-10-03 16:03:00,2339.79,1.0001
2024-10-03 16:04:00,2341.0,1.0
2024-10-03 16:05:00,2338.02,1.0
2024-10-03 16:06:00,2334.12,1.0
2024-10-03 16:07:00,2339.78,1.0
2024-10-03 16:08:00,2338.6,1.0001
2024-10-03 16:09:00,2339.2,1.0001
2024-10-03 16:10:00,2341.3,1.0
2024-10-03 16:11:00,2340.72,1.0001
2024-10-03 16:12:00,2339.53,1.0001
2024-10-03 16:13:00,2338.19,1.0
2024-10-03 16:14:00,2339.63,1.0
2024-10-03 16:15:00,2336.14,1.0
2024-10-03 16:16:00,2334.54,1.0001
2024-10-03 16:17:00,2335.34,1.0
2024-10-03 16:18:00,2338.32,1.0
2024-10-03 16:19:00,2332.28,1.0001
2024-10-03 16:20:00,2329.69,1.0
2024-10-03 16:21:00,2328.09,1.0001
2024-10-03 16:22:00,2327.12,1.0
2024-10-03 16:23:00,2326.18,1.0
2024-10-03 16:24:00,2323.66,1.0
2024-10-03 16:25:00,2325.01,1.0
2024-10-03 16:26:00,2321.06,1.0001
2024-10-03 16:27:00,2318.07,1.0
2024-10-03 16:28:00,2321.12,1.0
2024-10-03 16:29:00,2319.0,1.0
2024-10-03 16:30:00,2316.42,1.0
2024-10-03 16:31:00,2313.61,1.0
2024-10-03 16:32:00,2312.0,1.0
2024-10-03 16:33:00,2315.0,1.0001
2024-10-03 16:34:00,2317.6,1.0
2024-10-03 16:35:00,2317.37,1.0001
2024-10-03 16:36:00,2319.35,1.0
2024-10-03 16:37:00,2320.37,1.0001
2024-10-03 16:38:00,2323.6,1.0
2024-10-03 16:39:00,2321.25,1.0
2024-10-03 16:40:00,2323.51,1.0001
2024-10-03 16:41:00,2325.32,1.0001
2024-10-03 16:42:00,2321.17,1.0001
2024-10-03 16:43:00,2320.59,1.0001
2024-10-03 16:44:00,2318.68,1.0001
2024-10-03 16:45:00,2319.28,1.0001
2024-10-03 16:46:00,2320.22,1.0001
2024-10-03 16:47:00,2323.39,1.0
2024-10-03 16:48:00,2325.8,1.0001
2024-10-03 16:49:00,2325.31,1.0001
2024-10-03 16:50:00,2321.61,1.0
2024-10-03 16:51:00,2322.75,1.0001
2024-10-03 16:52:00,2324.91,1.0001
2024-10-03 16:53:00,2323.92,1.0001
2024-10-03 16:54:00,2320.39,1.0
2024-10-03 16:55:00,2322.62,1.0001
2024-10-03 16:56:00,2323.07,1.0
2024-10-03 16:57:00,2327.6,1.0
2024-10-03 16:58:00,2324.15,1.0001
2024-10-03 16:59:00,2323.13,1.0
2024-10-03 17:00:00,2324.9,1.0
2024-10-03 17:01:00,2319.39,1.0
2024-10-03 17:02:00,2316.68,1.0
2024-10-03 17:03:00,2317.53,1.0
2024-10-03 17:04:00,2316.54,1.0001
2024-10-03 17:05:00,2322.01,1.0
2024-10-03 17:06:00,2325.87,1.0001
2024-10-03 17:07:00,2327.79,1.0001
2024-10-03 17:08:00,2329.13,1.0001
2024-10-03 17:09:00,2326.77,1.0001
2024-10-03 17:10:00,2330.02,1.0
2024-10-03 17:11:00,2331.79,1.0
2024-10-03 17:12:00,2334.74,1.0001
2024-10-03 17:13:00,2331.81,1.0001
2024-10-03 17:14:00,2330.05,1.0
2024-10-03 17:15:00,2332.8,1.0001
2024-10-03 17:16:00,2332.57,1.0
2024-10-03 17:17:00,2335.94,1.0001
2024-10-03 17:18:00,2332.74,1.0001
2024-10-03 17:19:00,2335.81,1.0001
2024-10-03 17:20:00,2336.31,1.0001
2024-10-03 17:21:00,2336.28,1.0
2024-10-03 17:22:00,2339.57,1.0001
2024-10-03 17:23:00,2342.1,1.0001
2024-10-03 17:24:00,2343.01,1.0001
2024-10-03 17:25:00,2346.0,1.0001
2024-10-03 17:26:00,2348.09,1.0001
2024-10-03 17:27:00,2346.0,1.0001
2024-10-03 17:28:00,2347.55,1.0001
2024-10-03 17:29:00,2343.47,1.0
2024-10-03 17:30:00,2343.71,1.0001
2024-10-03 17:31:00,2345.83,1.0001
2024-10-03 17:32:00,2343.99,1.0
2024-10-03 17:33:00,2344.3,1.0001
2024-10-03 17:34:00,2343.19,1.0001
2024-10-03 17:35:00,2342.31,1.0001
2024-10-03 17:36:00,2340.81,1.0002
2024-10-03 17:37:00,2339.07,1.0002
2024-10-03 17:38:00,2336.4,1.0001
2024-10-03 17:39:00,2335.89,1.0002
2024-10-03 17:40:00,2333.62,1.0001
2024-10-03 17:41:00,2333.79,1.0001
2024-10-03 17:42:00,2332.18,1.0001
2024-10-03 17:43:00,2333.62,1.0001
2024-10-03 17:44:00,2336.44,1.0002
2024-10-03 17:45:00,2340.65,1.0002
2024-10-03 17:46:00,2339.64,1.0002
2024-10-03 17:47:00,2342.84,1.0002
2024-10-03 17:48:00,2342.32,1.0002
2024-10-03 17:49:00,2340.89,1.0002
2024-10-03 17:50:00,2340.99,1.0002
2024-10-03 17:51:00,2339.42,1.0001
2024-10-03 17:52:00,2341.81,1.0002
2024-10-03 17:53:00,2341.93,1.0002
2024-10-03 17:54:00,2346.61,1.0002
2024-10-03 17:55:00,2346.25,1.0001
2024-10-03 17:56:00,2346.92,1.0002
2024-10-03 17:57:00,2344.74,1.0001
2024-10-03 17:58:00,2343.0,1.0001
2024-10-03 17:59:00,2343.56,1.0002
2024-10-03 18:00:00,2343.83,1.0001
2024-10-03 18:01:00,2343.8,1.0001
2024-10-03 18:02:00,2344.8,1.0001
2024-10-03 18:03:00,2342.41,1.0002
2024-10-03 18:04:00,2346.92,1.0002
2024-10-03 18:05:00,2346.5,1.0002
2024-10-03 18:06:00,2346.53,1.0002
2024-10-03 18:07:00,2346.26,1.0001
2024-10-03 18:08:00,2344.4,1.0002
2024-10-03 18:09:00,2344.35,1.0002
2024-10-03 18:10:00,2343.24,1.0002
2024-10-03 18:11:00,2344.24,1.0002
2024-10-03 18:12:00,2343.3,1.0002
2024-10-03 18:13:00,2346.26,1.0002
2024-10-03 18:14:00,2345.25,1.0002
2024-10-03 18:15:00,2345.68,1.0002
2024-10-03 18:16:00,2344.58,1.0001
2024-10-03 18:17:00,2347.55,1.0001
2024-10-03 18:18:00,2345.5,1.0001
2024-10-03 18:19:00,2345.48,1.0001
2024-10-03 18:20:00,2348.31,1.0002
2024-10-03 18:21:00,2351.34,1.0001
2024-10-03 18:22:00,2349.62,1.0001
2024-10-03 18:23:00,2345.47,1.0002
2024-10-03 18:24:00,2346.88,1.0002
2024-10-03 18:25:00,2344.3,1.0002
2024-10-03 18:26:00,2346.0,1.0001
2024-10-03 18:27:00,2342.33,1.0002
2024-10-03 18:28:00,2344.55,1.0002
2024-10-03 18:29:00,2344.41,1.0001
2024-10-03 18:30:00,2343.41,1.0001
2024-10-03 18:31:00,2340.97,1.0001
2024-10-03 18:32:00,2339.77,1.0001
2024-10-03 18:33:00,2339.23,1.0002
2024-10-03 18:34:00,2337.66,1.0001
2024-10-03 18:35:00,2340.23,1.0001
2024-10-03 18:36:00,2341.8,1.0001
2024-10-03 18:37:00,2340.98,1.0002
2024-10-03 18:38:00,2341.34,1.0002
2024-10-03 18:39:00,2343.01,1.0001
2024-10-03 18:40:00,2342.02,1.0002
2024-10-03 18:41:00,2343.27,1.0002
2024-10-03 18:42:00,2344.49,1.0002
2024-10-03 18:43:00,2344.62,1.0002
2024-10-03 18:44:00,2343.41,1.0002
2024-10-03 18:45:00,2344.01,1.0001
2024-10-03 18:46:00,2343.01,1.0002
2024-10-03 18:47:00,2343.62,1.0002
2024-10-03 18:48:00,2345.32,1.0001
2024-10-03 18:49:00,2347.84,1.0002
2024-10-03 18:50:00,2345.02,1.0001
2024-10-03 18:51:00,2347.75,1.0001
2024-10-03 18:52:00,2346.69,1.0001
2024-10-03 18:53:00,2347.0,1.0002
2024-10-03 18:54:00,2346.48,1.0002
2024-10-03 18:55:00,2344.8,1.0001
2024-10-03 18:56:00,2346.57,1.0001
2024-10-03 18:57:00,2346.38,1.0001
2024-10-03 18:58:00,2344.66,1.0001
2024-10-03 18:59:00,2344.84,1.0001
2024-10-03 19:00:00,2344.14,1.0001
2024-10-03 19:01:00,2344.53,1.0002
2024-10-03 19:02:00,2345.1,1.0001
2024-10-03 19:03:00,2343.81,1.0001
2024-10-03 19:04:00,2344.25,1.0002
2024-10-03 19:05:00,2345.08,1.0001
2024-10-03 19:06:00,2345.99,1.0002
2024-10-03 19:07:00,2344.3,1.0001
2024-10-03 19:08:00,2340.8,1.0001
2024-10-03 19:09:00,2341.2,1.0001
2024-10-03 19:10:00,2342.56,1.0002
2024-10-03 19:11:00,2339.58,1.0002
2024-10-03 19:12:00,2340.8,1.0002
2024-10-03 19:13:00,2341.99,1.0001
2024-10-03 19:14:00,2341.73,1.0002
2024-10-03 19:15:00,2341.98,1.0001
2024-10-03 19:16:00,2343.71,1.0001
2024-10-03 19:17:00,2342.57,1.0002
2024-10-03 19:18:00,2341.91,1.0001
2024-10-03 19:19:00,2342.63,1.0001
2024-10-03 19:20:00,2343.09,1.0001
2024-10-03 19:21:00,2342.0,1.0002
2024-10-03 19:22:00,2343.56,1.0002
2024-10-03 19:23:00,2344.8,1.0002
2024-10-03 19:24:00,2345.7,1.0002
2024-10-03 19:25:00,2344.48,1.0002
2024-10-03 19:26:00,2346.1,1.0001
2024-10-03 19:27:00,2345.6,1.0001
2024-10-03 19:28:00,2345.13,1.0001
2024-10-03 19:29:00,2343.44,1.0001
2024-10-03 19:30:00,2345.17,1.0001
2024-10-03 19:31:00,2346.26,1.0002
2024-10-03 19:32:00,2346.8,1.0002
2024-10-03 19:33:00,2347.6,1.0001
2024-10-03 19:34:00,2349.05,1.0001
2024-10-03 19:35:00,2349.67,1.0001
2024-10-03 19:36:00,2348.55,1.0001
2024-10-03 19:37:00,2347.99,1.0001
2024-10-03 19:38:00,2349.83,1.0001
2024-10-03 19:39:00,2348.35,1.0001
2024-10-03 19:40:00,2349.42,1.0002
2024-10-03 19:41:00,2348.27,1.0001
2024-10-03 19:42:00,2346.93,1.0001
2024-10-03 19:43:00,2346.74,1.0002
2024-10-03 19:44:00,2345.53,1.0001
2024-10-03 19:45:00,2346.04,1.0001
2024-10-03 19:46:00,2347.13,1.0001
2024-10-03 19:47:00,2347.54,1.0001
2024-10-03 19:48:00,2349.49,1.0001
2024-10-03 19:49:00,2349.66,1.0002
2024-10-03 19:50:00,2350.46,1.0002
2024-10-03 19:51:00,2351.79,1.0001
2024-10-03 19:52:00,2351.04,1.0001
2024-10-03 19:53:00,2349.95,1.0001
2024-10-03 19:54:00,2351.2,1.0002
2024-10-03 19:55:00,2352.81,1.0002
2024-10-03 19:56:00,2351.09,1.0001
2024-10-03 19:57:00,2351.79,1.0002
2024-10-03 19:58:00,2352.26,1.0001
2024-10-03 19:59:00,2351.86,1.0001
2024-10-03 20:00:00,2353.51,1.0001
2024-10-03 20:01:00,2352.98,1.0002
2024-10-03 20:02:00,2351.22,1.0001
2024-10-03 20:03:00,2349.51,1.0001
2024-10-03 20:04:00,2350.12,1.0001
2024-10-03 20:05:00,2352.3,1.0001
2024-10-03 20:06:00,2354.6,1.0002
2024-10-03 20:07:00,2353.4,1.0002
2024-10-03 20:08:00,2350.57,1.0002
2024-10-03 20:09:00,2350.69,1.0001
2024-10-03 20:10:00,2350.32,1.0001
2024-10-03 20:11:00,2349.32,1.0001
2024-10-03 20:12:00,2347.41,1.0001
2024-10-03 20:13:00,2348.1,1.0001
2024-10-03 20:14:00,2347.52,1.0001
2024-10-03 20:15:00,2347.53,1.0001
2024-10-03 20:16:00,2348.28,1.0002
2024-10-03 20:17:00,2347.8,1.0001
2024-10-03 20:18:00,2349.05,1.0001
2024-10-03 20:19:00,2347.47,1.0001
2024-10-03 20:20:00,2348.01,1.0002
2024-10-03 20:21:00,2348.05,1.0001
2024-10-03 20:22:00,2347.33,1.0
2024-10-03 20:23:00,2347.85,1.0
2024-10-03 20:24:00,2343.94,1.0
2024-10-03 20:25:00,2345.76,1.0
2024-10-03 20:26:00,2344.84,1.0
2024-10-03 20:27:00,2344.98,1.0001
2024-10-03 20:28:00,2344.54,1.0001
2024-10-03 20:29:00,2344.34,1.0
2024-10-03 20:30:00,2345.17,1.0001
2024-10-03 20:31:00,2344.32,1.0
2024-10-03 20:32:00,2341.55,1.0
2024-10-03 20:33:00,2341.35,1.0001
2024-10-03 20:34:00,2341.32,1.0
2024-10-03 20:35:00,2339.01,1.0001
2024-10-03 20:36:00,2339.74,1.0001
2024-10-03 20:37:00,2340.7,1.0001
2024-10-03 20:38:00,2341.45,1.0001
2024-10-03 20:39:00,2341.55,1.0001
2024-10-03 20:40:00,2342.18,1.0001
2024-10-03 20:41:00,2340.79,1.0001
2024-10-03 20:42:00,2340.77,1.0
2024-10-03 20:43:00,2341.02,1.0
2024-10-03 20:44:00,2339.26,1.0
2024-10-03 20:45:00,2340.08,1.0001
2024-10-03 20:46:00,2340.93,1.0001
2024-10-03 20:47:00,2339.62,1.0
2024-10-03 20:48:00,2342.05,1.0
2024-10-03 20:49:00,2342.89,1.0001
2024-10-03 20:50:00,2342.5,1.0
2024-10-03 20:51:00,2344.37,1.0
2024-10-03 20:52:00,2344.23,1.0001
2024-10-03 20:53:00,2344.69,1.0
2024-10-03 20:54:00,2344.24,1.0
2024-10-03 20:55:00,2344.06,1.0
2024-10-03 20:56:00,2342.03,1.0
2024-10-03 20:57:00,2342.37,1.0001
2024-10-03 20:58:00,2342.31,1.0
2024-10-03 20:59:00,2341.11,1.0
2024-10-03 21:00:00,2341.97,1.0001
2024-10-03 21:01:00,2342.88,1.0001
2024-10-03 21:02:00,2340.75,1.0
2024-10-03 21:03:00,2339.13,1.0
2024-10-03 21:04:00,2334.81,1.0
2024-10-03 21:05:00,2334.93,1.0001
2024-10-03 21:06:00,2333.45,1.0
2024-10-03 21:07:00,2334.4,1.0
2024-10-03 21:08:00,2334.38,1.0001
2024-10-03 21:09:00,2338.72,1.0001
2024-10-03 21:10:00,2340.73,1.0001
2024-10-03 21:11:00,2341.23,1.0001
2024-10-03 21:12:00,2342.24,1.0001
2024-10-03 21:13:00,2341.89,1.0001
2024-10-03 21:14:00,2342.41,1.0001
2024-10-03 21:15:00,2346.88,1.0001
2024-10-03 21:16:00,2346.37,1.0
2024-10-03 21:17:00,2346.08,1.0
2024-10-03 21:18:00,2346.42,1.0
2024-10-03 21:19:00,2348.53,1.0001
2024-10-03 21:20:00,2351.41,1.0001
2024-10-03 21:21:00,2348.66,1.0
2024-10-03 21:22:00,2351.11,1.0001
2024-10-03 21:23:00,2350.32,1.0001
2024-10-03 21:24:00,2350.48,1.0
2024-10-03 21:25:00,2352.94,1.0001
2024-10-03 21:26:00,2352.21,1.0
2024-10-03 21:27:00,2350.01,1.0
2024-10-03 21:28:00,2350.09,1.0
2024-10-03 21:29:00,2349.77,1.0001
2024-10-03 21:30:00,2350.03,1.0
2024-10-03 21:31:00,2349.79,1.0001
2024-10-03 21:32:00,2348.2,1.0
2024-10-03 21:33:00,2346.9,1.0001
2024-10-03 21:34:00,2347.08,1.0
2024-10-03 21:35:00,2349.63,1.0001
2024-10-03 21:36:00,2348.51,1.0
2024-10-03 21:37:00,2349.3,1.0
2024-10-03 21:38:00,2349.61,1.0
2024-10-03 21:39:00,2348.79,1.0001
2024-10-03 21:40:00,2346.99,1.0
2024-10-03 21:41:00,2347.97,1.0
2024-10-03 21:42:00,2348.46,1.0
2024-10-03 21:43:00,2348.8,1.0
2024-10-03 21:44:00,2347.43,1.0
2024-10-03 21:45:00,2346.68,1.0
2024-10-03 21:46:00,2347.49,1.0
2024-10-03 21:47:00,2347.94,1.0
2024-10-03 21:48:00,2348.7,1.0001
2024-10-03 21:49:00,2348.26,1.0
2024-10-03 21:50:00,2348.15,1.0001
2024-10-03 21:51:00,2347.52,1.0
2024-10-03 21:52:00,2347.43,1.0
2024-10-03 21:53:00,2348.87,1.0
2024-10-03 21:54:00,2349.53,1.0001
2024-10-03 21:55:00,2349.33,1.0001
2024-10-03 21:56:00,2349.82,1.0001
2024-10-03 21:57:00,2350.11,1.0001
2024-10-03 21:58:00,2350.41,1.0
2024-10-03 21:59:00,2350.41,1.0
2024-10-03 22:00:00,2350.42,1.0
2024-10-03 22:01:00,2348.45,1.0
2024-10-03 22:02:00,2348.71,1.0001
2024-10-03 22:03:00,2348.57,1.0
2024-10-03 22:04:00,2350.0,1.0001
2024-10-03 22:05:00,2351.38,1.0
2024-10-03 22:06:00,2351.39,1.0001
2024-10-03 22:07:00,2348.12,1.0
2024-10-03 22:08:00,2346.26,1.0
2024-10-03 22:09:00,2347.82,1.0
2024-10-03 22:10:00,2350.82,1.0
2024-10-03 22:11:00,2348.21,1.0
2024-10-03 22:12:00,2348.9,1.0001
2024-10-03 22:13:00,2349.69,1.0
2024-10-03 22:14:00,2348.46,1.0
2024-10-03 22:15:00,2349.97,1.0
2024-10-03 22:16:00,2347.36,1.0
2024-10-03 22:17:00,2349.99,1.0001
2024-10-03 22:18:00,2348.26,1.0
2024-10-03 22:19:00,2346.61,1.0
2024-10-03 22:20:00,2346.0,1.0001
2024-10-03 22:21:00,2347.73,1.0001
2024-10-03 22:22:00,2347.69,1.0001
2024-10-03 22:23:00,2348.36,1.0
2024-10-03 22:24:00,2346.86,1.0
2024-10-03 22:25:00,2348.27,1.0
2024-10-03 22:26:00,2349.25,1.0
2024-10-03 22:27:00,2348.51,1.0001
2024-10-03 22:28:00,2348.34,1.0001
2024-10-03 22:29:00,2349.25,1.0001
2024-10-03 22:30:00,2350.69,1.0001
2024-10-03 22:31:00,2350.8,1.0001
2024-10-03 22:32:00,2351.49,1.0001
2024-10-03 22:33:00,2352.02,1.0001
2024-10-03 22:34:00,2354.4,1.0001
2024-10-03 22:35:00,2354.34,1.0
2024-10-03 22:36:00,2352.33,1.0001
2024-10-03 22:37:00,2351.65,1.0
2024-10-03 22:38:00,2347.41,1.0
2024-10-03 22:39:00,2347.84,1.0
2024-10-03 22:40:00,2347.17,1.0001
2024-10-03 22:41:00,2346.79,1.0
2024-10-03 22:42:00,2348.28,1.0001
2024-10-03 22:43:00,2347.21,1.0
2024-10-03 22:44:00,2347.32,1.0
2024-10-03 22:45:00,2348.65,1.0
2024-10-03 22:46:00,2348.03,1.0001
2024-10-03 22:47:00,2348.62,1.0
2024-10-03 22:48:00,2348.97,1.0001
2024-10-03 22:49:00,2348.43,1.0001
2024-10-03 22:50:00,2348.64,1.0
2024-10-03 22:51:00,2348.69,1.0
2024-10-03 22:52:00,2351.0,1.0001
2024-10-03 22:53:00,2351.1,1.0001
2024-10-03 22:54:00,2351.31,1.0001
2024-10-03 22:55:00,2352.08,1.0001
2024-10-03 22:56:00,2352.13,1.0
2024-10-03 22:57:00,2352.7,1.0
2024-10-03 22:58:00,2351.84,1.0
2024-10-03 22:59:00,2352.6,1.0001
2024-10-03 23:00:00,2352.08,1.0
2024-10-03 23:01:00,2356.0,1.0001
2024-10-03 23:02:00,2356.19,1.0
2024-10-03 23:03:00,2354.21,1.0001
2024-10-03 23:04:00,2354.51,1.0
2024-10-03 23:05:00,2353.1,1.0
2024-10-03 23:06:00,2353.53,1.0001
2024-10-03 23:07:00,2356.37,1.0001
2024-10-03 23:08:00,2354.01,1.0001
2024-10-03 23:09:00,2353.54,1.0
2024-10-03 23:10:00,2351.08,1.0001
2024-10-03 23:11:00,2352.83,1.0001
2024-10-03 23:12:00,2352.48,1.0
2024-10-03 23:13:00,2352.22,1.0
2024-10-03 23:14:00,2352.84,1.0001
2024-10-03 23:15:00,2350.92,1.0
2024-10-03 23:16:00,2351.73,1.0
2024-10-03 23:17:00,2350.34,1.0001
2024-10-03 23:18:00,2348.22,1.0001
2024-10-03 23:19:00,2349.0,1.0001
2024-10-03 23:20:00,2350.58,1.0
2024-10-03 23:21:00,2345.88,1.0
2024-10-03 23:22:00,2346.99,1.0
2024-10-03 23:23:00,2347.03,1.0
2024-10-03 23:24:00,2347.72,1.0
2024-10-03 23:25:00,2346.64,1.0001
2024-10-03 23:26:00,2348.11,1.0
2024-10-03 23:27:00,2349.31,1.0
2024-10-03 23:28:00,2349.48,1.0001
2024-10-03 23:29:00,2350.94,1.0001
2024-10-03 23:30:00,2350.59,1.0
2024-10-03 23:31:00,2350.88,1.0
2024-10-03 23:32:00,2350.6,1.0001
2024-10-03 23:33:00,2349.97,1.0001
2024-10-03 23:34:00,2350.33,1.0
2024-10-03 23:35:00,2350.31,1.0
2024-10-03 23:36:00,2349.97,1.0
2024-10-03 23:37:00,2348.62,1.0001
2024-10-03 23:38:00,2350.17,1.0001
2024-10-03 23:39:00,2350.88,1.0001
2024-10-03 23:40:00,2350.41,1.0001
2024-10-03 23:41:00,2351.01,1.0001
2024-10-03 23:42:00,2349.79,1.0
2024-10-03 23:43:00,2350.15,1.0001
2024-10-03 23:44:00,2349.5,1.0001
2024-10-03 23:45:00,2350.59,1.0001
2024-10-03 23:46:00,2350.4,1.0001
2024-10-03 23:47:00,2350.56,1.0
2024-10-03 23:48:00,2349.36,1.0
2024-10-03 23:49:00,2349.87,1.0001
2024-10-03 23:50:00,2349.32,1.0
2024-10-03 23:51:00,2348.26,1.0
2024-10-03 23:52:00,2346.33,1.0
2024-10-03 23:53:00,2346.33,1.0001
2024-10-03 23:54:00,2349.53,1.0
2024-10-03 23:55:00,2349.29,1.0001
2024-10-03 23:56:00,2348.12,1.0
2024-10-03 23:57:00,2349.0,1.0
2024-10-03 23:58:00,2350.04,1.0001
2024-10-03 23:59:00,2349.61,1.0001
2024-10-04 00:00:00,2349.8,1.0001
2024-10-04 00:01:00,2350.74,1.0001
2024-10-04 00:02:00,2350.15,1.0
2024-10-04 00:03:00,2350.3,1.0
2024-10-04 00:04:00,2352.3,1.0001
2024-10-04 00:05:00,2351.11,1.0001
2024-10-04 00:06:00,2351.8,1.0
2024-10-04 00:07:00,2350.26,1.0
2024-10-04 00:08:00,2347.29,1.0
2024-10-04 00:09:00,2346.66,1.0
2024-10-04 00:10:00,2349.05,1.0001
2024-10-04 00:11:00,2349.64,1.0
2024-10-04 00:12:00,2348.26,1.0
2024-10-04 00:13:00,2347.57,1.0
2024-10-04 00:14:00,2347.01,1.0
2024-10-04 00:15:00,2346.41,1.0
2024-10-04 00:16:00,2344.65,1.0
2024-10-04 00:17:00,2345.3,1.0001
2024-10-04 00:18:00,2349.19,1.0001
2024-10-04 00:19:00,2348.14,1.0001
2024-10-04 00:20:00,2346.9,1.0
2024-10-04 00:21:00,2346.2,1.0001
2024-10-04 00:22:00,2346.2,1.0001
2024-10-04 00:23:00,2345.92,1.0
2024-10-04 00:24:00,2345.25,1.0
2024-10-04 00:25:00,2345.57,1.0
2024-10-04 00:26:00,2344.97,1.0001
2024-10-04 00:27:00,2344.99,1.0
2024-10-04 00:28:00,2343.0,1.0
2024-10-04 00:29:00,2347.03,1.0
2024-10-04 00:30:00,2347.72,1.0
2024-10-04 00:31:00,2346.59,1.0001
2024-10-04 00:32:00,2349.09,1.0001
2024-10-04 00:33:00,2348.02,1.0
2024-10-04 00:34:00,2346.14,1.0
2024-10-04 00:35:00,2346.29,1.0
2024-10-04 00:36:00,2343.84,1.0
2024-10-04 00:37:00,2344.57,1.0
2024-10-04 00:38:00,2342.13,1.0001
2024-10-04 00:39:00,2343.02,1.0
2024-10-04 00:40:00,2343.83,1.0001
2024-10-04 00:41:00,2343.24,1.0001
2024-10-04 00:42:00,2343.19,1.0
2024-10-04 00:43:00,2344.81,1.0001
2024-10-04 00:44:00,2343.96,1.0
2024-10-04 00:45:00,2345.26,1.0
2024-10-04 00:46:00,2346.39,1.0001
2024-10-04 00:47:00,2346.01,1.0
2024-10-04 00:48:00,2345.61,1.0
2024-10-04 00:49:00,2345.12,1.0
2024-10-04 00:50:00,2342.03,1.0
2024-10-04 00:51:00,2343.74,1.0
2024-10-04 00:52:00,2342.59,1.0001
2024-10-04 00:53:00,2343.33,1.0
2024-10-04 00:54:00,2340.21,1.0
2024-10-04 00:55:00,2340.53,1.0001
2024-10-04 00:56:00,2340.6,1.0001
2024-10-04 00:57:00,2340.37,1.0
2024-10-04 00:58:00,2341.22,1.0
2024-10-04 00:59:00,2340.52,1.0
2024-10-04 01:00:00,2340.37,1.0001
2024-10-04 01:01:00,2341.22,1.0001
2024-10-04 01:02:00,2340.75,1.0
2024-10-04 01:03:00,2343.48,1.0
2024-10-04 01:04:00,2342.89,1.0001
2024-10-04 01:05:00,2344.1,1.0
2024-10-04 01:06:00,2340.99,1.0001
2024-10-04 01:07:00,2343.49,1.0001
2024-10-04 01:08:00,2342.36,1.0001
2024-10-04 01:09:00,2344.15,1.0001
2024-10-04 01:10:00,2343.95,1.0
2024-10-04 01:11:00,2346.56,1.0001
2024-10-04 01:12:00,2345.61,1.0001
2024-10-04 01:13:00,2344.52,1.0
2024-10-04 01:14:00,2346.25,1.0001
2024-10-04 01:15:00,2345.82,1.0
2024-10-04 01:16:00,2348.65,1.0001
2024-10-04 01:17:00,2348.86,1.0001
2024-10-04 01:18:00,2348.01,1.0
2024-10-04 01:19:00,2350.79,1.0001
2024-10-04 01:20:00,2351.8,1.0
2024-10-04 01:21:00,2350.53,1.0001
2024-10-04 01:22:00,2351.47,1.0001
2024-10-04 01:23:00,2358.06,1.0001
2024-10-04 01:24:00,2361.01,1.0001
2024-10-04 01:25:00,2364.53,1.0001
2024-10-04 01:26:00,2362.09,1.0001
2024-10-04 01:27:00,2371.65,1.0001
2024-10-04 01:28:00,2375.64,1.0001
2024-10-04 01:29:00,2376.59,1.0001
2024-10-04 01:30:00,2372.24,1.0001
2024-10-04 01:31:00,2374.78,1.0001
2024-10-04 01:32:00,2377.8,1.0001
2024-10-04 01:33:00,2376.32,1.0001
2024-10-04 01:34:00,2373.33,1.0001
2024-10-04 01:35:00,2368.88,1.0001
2024-10-04 01:36:00,2367.81,1.0
2024-10-04 01:37:00,2367.87,1.0
2024-10-04 01:38:00,2370.32,1.0001
2024-10-04 01:39:00,2368.32,1.0001
2024-10-04 01:40:00,2365.21,1.0
2024-10-04 01:41:00,2363.76,1.0
2024-10-04 01:42:00,2367.1,1.0
2024-10-04 01:43:00,2366.04,1.0
2024-10-04 01:44:00,2367.93,1.0001
2024-10-04 01:45:00,2367.28,1.0001
2024-10-04 01:46:00,2368.8,1.0001
2024-10-04 01:47:00,2370.4,1.0001
2024-10-04 01:48:00,2372.39,1.0001
2024-10-04 01:49:00,2374.71,1.0001
2024-10-04 01:50:00,2374.74,1.0001
2024-10-04 01:51:00,2376.22,1.0
2024-10-04 01:52:00,2377.27,1.0001
2024-10-04 01:53:00,2376.66,1.0
2024-10-04 01:54:00,2377.29,1.0001
2024-10-04 01:55:00,2377.8,1.0
2024-10-04 01:56:00,2375.86,1.0
2024-10-04 01:57:00,2376.22,1.0
2024-10-04 01:58:00,2375.85,1.0
2024-10-04 01:59:00,2378.21,1.0001
2024-10-04 02:00:00,2377.56,1.0
2024-10-04 02:01:00,2378.91,1.0001
2024-10-04 02:02:00,2378.36,1.0001
2024-10-04 02:03:00,2379.53,1.0
2024-10-04 02:04:00,2377.21,1.0001
2024-10-04 02:05:00,2373.74,1.0001
2024-10-04 02:06:00,2373.61,1.0
2024-10-04 02:07:00,2375.82,1.0
2024-10-04 02:08:00,2376.17,1.0
2024-10-04 02:09:00,2374.53,1.0001
2024-10-04 02:10:00,2373.2,1.0
2024-10-04 02:11:00,2375.4,1.0
2024-10-04 02:12:00,2372.3,1.0001
2024-10-04 02:13:00,2372.54,1.0
2024-10-04 02:14:00,2373.19,1.0001
2024-10-04 02:15:00,2373.1,1.0001
2024-10-04 02:16:00,2375.3,1.0001
2024-10-04 02:17:00,2373.7,1.0
2024-10-04 02:18:00,2372.31,1.0
2024-10-04 02:19:00,2371.96,1.0
2024-10-04 02:20:00,2370.91,1.0
2024-10-04 02:21:00,2370.21,1.0
2024-10-04 02:22:00,2370.42,1.0001
2024-10-04 02:23:00,2368.41,1.0
2024-10-04 02:24:00,2369.2,1.0001
2024-10-04 02:25:00,2368.54,1.0
2024-10-04 02:26:00,2367.21,1.0
2024-10-04 02:27:00,2368.0,1.0001
2024-10-04 02:28:00,2369.81,1.0
2024-10-04 02:29:00,2370.62,1.0001
2024-10-04 02:30:00,2370.93,1.0001
2024-10-04 02:31:00,2373.89,1.0001
2024-10-04 02:32:00,2376.0,1.0
2024-10-04 02:33:00,2374.78,1.0001
2024-10-04 02:34:00,2376.56,1.0001
2024-10-04 02:35:00,2374.26,1.0001
2024-10-04 02:36:00,2373.01,1.0
2024-10-04 02:37:00,2374.43,1.0001
2024-10-04 02:38:00,2374.53,1.0001
2024-10-04 02:39:00,2374.42,1.0001
2024-10-04 02:40:00,2375.6,1.0
2024-10-04 02:41:00,2375.19,1.0001
2024-10-04 02:42:00,2375.31,1.0
2024-10-04 02:43:00,2374.98,1.0
2024-10-04 02:44:00,2373.17,1.0001
2024-10-04 02:45:00,2372.61,1.0
2024-10-04 02:46:00,2371.0,1.0
2024-10-04 02:47:00,2370.5,1.0
2024-10-04 02:48:00,2372.19,1.0001
2024-10-04 02:49:00,2373.6,1.0
2024-10-04 02:50:00,2374.01,1.0001
2024-10-04 02:51:00,2373.3,1.0
2024-10-04 02:52:00,2371.16,1.0001
2024-10-04 02:53:00,2370.9,1.0
2024-10-04 02:54:00,2370.0,1.0001
2024-10-04 02:55:00,2370.4,1.0001
2024-10-04 02:56:00,2371.07,1.0
2024-10-04 02:57:00,2371.68,1.0
2024-10-04 02:58:00,2372.88,1.0
2024-10-04 02:59:00,2371.49,1.0
2024-10-04 03:00:00,2370.41,1.0001
2024-10-04 03:01:00,2371.31,1.0
2024-10-04 03:02:00,2370.96,1.0001
2024-10-04 03:03:00,2370.77,1.0001
2024-10-04 03:04:00,2370.59,1.0001
2024-10-04 03:05:00,2368.35,1.0
2024-10-04 03:06:00,2366.61,1.0
2024-10-04 03:07:00,2366.31,1.0
2024-10-04 03:08:00,2365.04,1.0
2024-10-04 03:09:00,2365.59,1.0
2024-10-04 03:10:00,2365.57,1.0
2024-10-04 03:11:00,2366.12,1.0001
2024-10-04 03:12:00,2365.66,1.0
2024-10-04 03:13:00,2365.65,1.0
2024-10-04 03:14:00,2364.69,1.0
2024-10-04 03:15:00,2364.41,1.0001
2024-10-04 03:16:00,2365.59,1.0001
2024-10-04 03:17:00,2364.7,1.0001
2024-10-04 03:18:00,2364.87,1.0
2024-10-04 03:19:00,2365.37,1.0
2024-10-04 03:20:00,2364.96,1.0
2024-10-04 03:21:00,2366.56,1.0
2024-10-04 03:22:00,2366.63,1.0
2024-10-04 03:23:00,2366.5,1.0
2024-10-04 03:24:00,2366.79,1.0001
2024-10-04 03:25:00,2365.93,1.0
2024-10-04 03:26:00,2365.3,1.0
2024-10-04 03:27:00,2364.54,1.0001
2024-10-04 03:28:00,2363.01,1.0
2024-10-04 03:29:00,2362.75,1.0
2024-10-04 03:30:00,2363.08,1.0
2024-10-04 03:31:00,2363.59,1.0001
2024-10-04 03:32:00,2364.3,1.0
2024-10-04 03:33:00,2364.26,1.0001
2024-10-04 03:34:00,2361.43,1.0
2024-10-04 03:35:00,2363.05,1.0001
2024-10-04 03:36:00,2363.71,1.0
2024-10-04 03:37:00,2364.4,1.0
2024-10-04 03:38:00,2365.25,1.0
2024-10-04 03:39:00,2366.83,1.0001
2024-10-04 03:40:00,2366.22,1.0
2024-10-04 03:41:00,2365.47,1.0
2024-10-04 03:42:00,2365.8,1.0
2024-10-04 03:43:00,2365.27,1.0001
2024-10-04 03:44:00,2364.84,1.0001
2024-10-04 03:45:00,2365.2,1.0001
2024-10-04 03:46:00,2365.28,1.0001
2024-10-04 03:47:00,2365.76,1.0001
2024-10-04 03:48:00,2365.33,1.0
2024-10-04 03:49:00,2365.91,1.0
2024-10-04 03:50:00,2364.33,1.0001
2024-10-04 03:51:00,2365.09,1.0001
2024-10-04 03:52:00,2367.53,1.0
2024-10-04 03:53:00,2366.75,1.0001
2024-10-04 03:54:00,2367.12,1.0001
2024-10-04 03:55:00,2365.71,1.0
2024-10-04 03:56:00,2365.99,1.0
2024-10-04 03:57:00,2365.69,1.0001
2024-10-04 03:58:00,2365.67,1.0
2024-10-04 03:59:00,2366.29,1.0
2024-10-04 04:00:00,2367.07,1.0001
2024-10-04 04:01:00,2367.39,1.0001
2024-10-04 04:02:00,2368.38,1.0001
2024-10-04 04:03:00,2368.54,1.0001
2024-10-04 04:04:00,2368.65,1.0
2024-10-04 04:05:00,2369.35,1.0
2024-10-04 04:06:00,2369.36,1.0001
2024-10-04 04:07:00,2369.36,1.0001
2024-10-04 04:08:00,2369.58,1.0
2024-10-04 04:09:00,2369.25,1.0001
2024-10-04 04:10:00,2367.5,1.0001
2024-10-04 04:11:00,2367.5,1.0001
2024-10-04 04:12:00,2366.65,1.0001
2024-10-04 04:13:00,2367.35,1.0001
2024-10-04 04:14:00,2367.35,1.0
2024-10-04 04:15:00,2367.93,1.0
2024-10-04 04:16:00,2365.63,1.0
2024-10-04 04:17:00,2368.76,1.0001
2024-10-04 04:18:00,2367.47,1.0
2024-10-04 04:19:00,2369.24,1.0
2024-10-04 04:20:00,2369.27,1.0
2024-10-04 04:21:00,2369.84,1.0001
2024-10-04 04:22:00,2369.45,1.0
2024-10-04 04:23:00,2370.89,1.0001
2024-10-04 04:24:00,2371.51,1.0001
2024-10-04 04:25:00,2372.7,1.0001
2024-10-04 04:26:00,2373.96,1.0001
2024-10-04 04:27:00,2376.15,1.0001
2024-10-04 04:28:00,2377.0,1.0001
2024-10-04 04:29:00,2376.99,1.0001
2024-10-04 04:30:00,2376.91,1.0
2024-10-04 04:31:00,2379.3,1.0001
2024-10-04 04:32:00,2379.6,1.0
2024-10-04 04:33:00,2378.44,1.0001
2024-10-04 04:34:00,2379.99,1.0001
2024-10-04 04:35:00,2380.6,1.0
2024-10-04 04:36:00,2380.04,1.0001
2024-10-04 04:37:00,2378.02,1.0
2024-10-04 04:38:00,2378.51,1.0
2024-10-04 04:39:00,2378.72,1.0001
2024-10-04 04:40:00,2377.0,1.0
2024-10-04 04:41:00,2376.61,1.0001
2024-10-04 04:42:00,2377.43,1.0001
2024-10-04 04:43:00,2377.86,1.0001
2024-10-04 04:44:00,2376.33,1.0001
2024-10-04 04:45:00,2379.16,1.0001
2024-10-04 04:46:00,2374.8,1.0001
2024-10-04 04:47:00,2370.91,1.0001
2024-10-04 04:48:00,2370.64,1.0
2024-10-04 04:49:00,2369.22,1.0001
2024-10-04 04:50:00,2370.0,1.0001
2024-10-04 04:51:00,2370.63,1.0
2024-10-04 04:52:00,2372.01,1.0001
2024-10-04 04:53:00,2372.0,1.0
2024-10-04 04:54:00,2372.4,1.0
2024-10-04 04:55:00,2372.0,1.0
2024-10-04 04:56:00,2372.86,1.0
2024-10-04 04:57:00,2372.97,1.0001
2024-10-04 04:58:00,2373.8,1.0001
2024-10-04 04:59:00,2373.72,1.0
2024-10-04 05:00:00,2374.22,1.0
2024-10-04 05:01:00,2372.59,1.0001
2024-10-04 05:02:00,2373.4,1.0001
2024-10-04 05:03:00,2373.07,1.0001
2024-10-04 05:04:00,2373.97,1.0001
2024-10-04 05:05:00,2373.06,1.0001
2024-10-04 05:06:00,2373.11,1.0
2024-10-04 05:07:00,2374.19,1.0
2024-10-04 05:08:00,2374.42,1.0001
2024-10-04 05:09:00,2375.1,1.0001
2024-10-04 05:10:00,2380.0,1.0001
2024-10-04 05:11:00,2380.19,1.0
2024-10-04 05:12:00,2379.62,1.0
2024-10-04 05:13:00,2377.72,1.0001
2024-10-04 05:14:00,2378.05,1.0001
2024-10-04 05:15:00,2378.4,1.0
2024-10-04 05:16:00,2378.8,1.0
2024-10-04 05:17:00,2377.0,1.0001
2024-10-04 05:18:00,2376.99,1.0001
2024-10-04 05:19:00,2377.0,1.0001
2024-10-04 05:20:00,2376.6,1.0001
2024-10-04 05:21:00,2377.8,1.0001
2024-10-04 05:22:00,2376.98,1.0
2024-10-04 05:23:00,2375.88,1.0
2024-10-04 05:24:00,2376.7,1.0
2024-10-04 05:25:00,2377.35,1.0001
2024-10-04 05:26:00,2375.22,1.0
2024-10-04 05:27:00,2375.67,1.0
2024-10-04 05:28:00,2376.8,1.0001
2024-10-04 05:29:00,2378.89,1.0
2024-10-04 05:30:00,2378.28,1.0
2024-10-04 05:31:00,2378.61,1.0
2024-10-04 05:32:00,2377.65,1.0
2024-10-04 05:33:00,2376.64,1.0
2024-10-04 05:34:00,2377.44,1.0001
2024-10-04 05:35:00,2376.86,1.0
2024-10-04 05:36:00,2376.19,1.0
2024-10-04 05:37:00,2376.81,1.0001
2024-10-04 05:38:00,2377.18,1.0
2024-10-04 05:39:00,2378.61,1.0001
2024-10-04 05:40:00,2379.45,1.0001
2024-10-04 05:41:00,2380.0,1.0
2024-10-04 05:42:00,2380.51,1.0
2024-10-04 05:43:00,2380.18,1.0001
2024-10-04 05:44:00,2380.38,1.0
2024-10-04 05:45:00,2380.36,1.0
2024-10-04 05:46:00,2379.45,1.0
2024-10-04 05:47:00,2378.69,1.0
2024-10-04 05:48:00,2379.74,1.0
2024-10-04 05:49:00,2382.57,1.0001
2024-10-04 05:50:00,2382.11,1.0
2024-10-04 05:51:00,2381.53,1.0
2024-10-04 05:52:00,2381.38,1.0001
2024-10-04 05:53:00,2382.5,1.0
2024-10-04 05:54:00,2383.06,1.0001
2024-10-04 05:55:00,2383.95,1.0
2024-10-04 05:56:00,2384.67,1.0
2024-10-04 05:57:00,2383.25,1.0
2024-10-04 05:58:00,2383.66,1.0001
2024-10-04 05:59:00,2383.98,1.0001
2024-10-04 06:00:00,2383.34,1.0
2024-10-04 06:01:00,2383.26,1.0
2024-10-04 06:02:00,2381.12,1.0
2024-10-04 06:03:00,2381.41,1.0
2024-10-04 06:04:00,2380.82,1.0
2024-10-04 06:05:00,2378.54,1.0
2024-10-04 06:06:00,2379.11,1.0
2024-10-04 06:07:00,2377.8,1.0
2024-10-04 06:08:00,2378.64,1.0001
2024-10-04 06:09:00,2378.55,1.0001
2024-10-04 06:10:00,2377.22,1.0001
2024-10-04 06:11:00,2378.16,1.0001
2024-10-04 06:12:00,2379.12,1.0001
2024-10-04 06:13:00,2378.11,1.0
2024-10-04 06:14:00,2376.89,1.0
2024-10-04 06:15:00,2377.39,1.0001
2024-10-04 06:16:00,2378.39,1.0
2024-10-04 06:17:00,2381.12,1.0
2024-10-04 06:18:00,2381.4,1.0
2024-10-04 06:19:00,2380.9,1.0
2024-10-04 06:20:00,2380.61,1.0001
2024-10-04 06:21:00,2380.5,1.0001
2024-10-04 06:22:00,2380.21,1.0
2024-10-04 06:23:00,2380.48,1.0001
2024-10-04 06:24:00,2382.35,1.0
2024-10-04 06:25:00,2385.25,1.0001
2024-10-04 06:26:00,2385.4,1.0001
2024-10-04 06:27:00,2386.0,1.0
2024-10-04 06:28:00,2386.0,1.0001
2024-10-04 06:29:00,2384.43,1.0001
2024-10-04 06:30:00,2382.33,1.0
2024-10-04 06:31:00,2383.78,1.0001
2024-10-04 06:32:00,2384.05,1.0001
2024-10-04 06:33:00,2385.47,1.0
2024-10-04 06:34:00,2385.71,1.0
2024-10-04 06:35:00,2384.24,1.0
2024-10-04 06:36:00,2383.48,1.0
2024-10-04 06:37:00,2382.4,1.0001
2024-10-04 06:38:00,2381.6,1.0
2024-10-04 06:39:00,2381.0,1.0001
2024-10-04 06:40:00,2381.34,1.0
2024-10-04 06:41:00,2381.29,1.0
2024-10-04 06:42:00,2380.83,1.0
2024-10-04 06:43:00,2379.58,1.0
2024-10-04 06:44:00,2379.81,1.0
2024-10-04 06:45:00,2379.65,1.0
2024-10-04 06:46:00,2379.62,1.0001
2024-10-04 06:47:00,2378.11,1.0
2024-10-04 06:48:00,2379.58,1.0
2024-10-04 06:49:00,2379.8,1.0001
2024-10-04 06:50:00,2380.55,1.0
2024-10-04 06:51:00,2380.03,1.0
2024-10-04 06:52:00,2379.36,1.0001
2024-10-04 06:53:00,2378.53,1.0
2024-10-04 06:54:00,2378.13,1.0
2024-10-04 06:55:00,2377.53,1.0
2024-10-04 06:56:00,2376.31,1.0
2024-10-04 06:57:00,2376.0,1.0
2024-10-04 06:58:00,2374.98,1.0
2024-10-04 06:59:00,2374.97,1.0
2024-10-04 07:00:00,2374.96,1.0
2024-10-04 07:01:00,2372.79,1.0
2024-10-04 07:02:00,2372.88,1.0001
2024-10-04 07:03:00,2372.96,1.0
2024-10-04 07:04:00,2374.05,1.0
2024-10-04 07:05:00,2374.3,1.0
2024-10-04 07:06:00,2375.0,1.0
2024-10-04 07:07:00,2374.91,1.0001
2024-10-04 07:08:00,2374.98,1.0
2024-10-04 07:09:00,2375.0,1.0
2024-10-04 07:10:00,2374.42,1.0
2024-10-04 07:11:00,2372.8,1.0001
2024-10-04 07:12:00,2374.8,1.0001
2024-10-04 07:13:00,2374.95,1.0
2024-10-04 07:14:00,2373.73,1.0
2024-10-04 07:15:00,2375.59,1.0001
2024-10-04 07:16:00,2376.09,1.0
2024-10-04 07:17:00,2376.59,1.0001
2024-10-04 07:18:00,2377.59,1.0
2024-10-04 07:19:00,2377.03,1.0001
2024-10-04 07:20:00,2376.31,1.0
2024-10-04 07:21:00,2377.06,1.0
2024-10-04 07:22:00,2377.59,1.0
2024-10-04 07:23:00,2380.16,1.0001
2024-10-04 07:24:00,2380.99,1.0001
2024-10-04 07:25:00,2381.98,1.0
2024-10-04 07:26:00,2383.7,1.0001
2024-10-04 07:27:00,2384.88,1.0001
2024-10-04 07:28:00,2383.1,1.0001
2024-10-04 07:29:00,2382.8,1.0
2024-10-04 07:30:00,2381.82,1.0
2024-10-04 07:31:00,2383.09,1.0
2024-10-04 07:32:00,2380.26,1.0
2024-10-04 07:33:00,2381.0,1.0
2024-10-04 07:34:00,2381.4,1.0001
2024-10-04 07:35:00,2382.62,1.0001
2024-10-04 07:36:00,2383.4,1.0001
2024-10-04 07:37:00,2382.69,1.0001
2024-10-04 07:38:00,2383.17,1.0001
2024-10-04 07:39:00,2382.85,1.0001
2024-10-04 07:40:00,2382.71,1.0
2024-10-04 07:41:00,2381.6,1.0
2024-10-04 07:42:00,2382.23,1.0
2024-10-04 07:43:00,2382.04,1.0001
2024-10-04 07:44:00,2381.9,1.0
2024-10-04 07:45:00,2383.61,1.0
2024-10-04 07:46:00,2384.74,1.0001
2024-10-04 07:47:00,2383.42,1.0
2024-10-04 07:48:00,2383.71,1.0001
2024-10-04 07:49:00,2384.48,1.0
2024-10-04 07:50:00,2381.56,1.0
2024-10-04 07:51:00,2385.54,1.0001
2024-10-04 07:52:00,2385.66,1.0001
2024-10-04 07:53:00,2384.44,1.0
2024-10-04 07:54:00,2383.76,1.0
2024-10-04 07:55:00,2384.28,1.0
2024-10-04 07:56:00,2381.76,1.0
2024-10-04 07:57:00,2381.4,1.0001
2024-10-04 07:58:00,2381.64,1.0001
2024-10-04 07:59:00,2381.89,1.0001
2024-10-04 08:00:00,2381.6,1.0001
2024-10-04 08:01:00,2381.61,1.0001
2024-10-04 08:02:00,2380.5,1.0
2024-10-04 08:03:00,2379.84,1.0
2024-10-04 08:04:00,2379.18,1.0
2024-10-04 08:05:00,2380.13,1.0001
2024-10-04 08:06:00,2379.37,1.0
2024-10-04 08:07:00,2379.62,1.0001
2024-10-04 08:08:00,2379.16,1.0001
2024-10-04 08:09:00,2380.71,1.0001
2024-10-04 08:10:00,2382.4,1.0
2024-10-04 08:11:00,2383.01,1.0001
2024-10-04 08:12:00,2383.39,1.0
2024-10-04 08:13:00,2383.72,1.0
2024-10-04 08:14:00,2383.0,1.0
2024-10-04 08:15:00,2384.67,1.0
2024-10-04 08:16:00,2382.72,1.0001
2024-10-04 08:17:00,2382.51,1.0001
2024-10-04 08:18:00,2382.51,1.0
2024-10-04 08:19:00,2386.65,1.0001
2024-10-04 08:20:00,2390.8,1.0001
2024-10-04 08:21:00,2389.61,1.0
2024-10-04 08:22:00,2390.29,1.0001
2024-10-04 08:23:00,2390.79,1.0001
2024-10-04 08:24:00,2392.42,1.0001
2024-10-04 08:25:00,2392.39,1.0
2024-10-04 08:26:00,2392.41,1.0
2024-10-04 08:27:00,2389.81,1.0
2024-10-04 08:28:00,2392.66,1.0001
2024-10-04 08:29:00,2390.53,1.0
2024-10-04 08:30:00,2389.23,1.0001
2024-10-04 08:31:00,2390.54,1.0
2024-10-04 08:32:00,2388.36,1.0
2024-10-04 08:33:00,2390.52,1.0001
2024-10-04 08:34:00,2389.62,1.0001
2024-10-04 08:35:00,2390.5,1.0
2024-10-04 08:36:00,2390.6,1.0001
2024-10-04 08:37:00,2391.86,1.0001
2024-10-04 08:38:00,2391.4,1.0
2024-10-04 08:39:00,2390.58,1.0001
2024-10-04 08:40:00,2389.26,1.0001
2024-10-04 08:41:00,2389.84,1.0001
2024-10-04 08:42:00,2389.83,1.0001
2024-10-04 08:43:00,2390.73,1.0
2024-10-04 08:44:00,2389.27,1.0001
2024-10-04 08:45:00,2388.09,1.0
2024-10-04 08:46:00,2385.8,1.0
2024-10-04 08:47:00,2386.15,1.0001
2024-10-04 08:48:00,2386.37,1.0001
2024-10-04 08:49:00,2387.6,1.0001
2024-10-04 08:50:00,2385.96,1.0001
2024-10-04 08:51:00,2385.13,1.0
2024-10-04 08:52:00,2384.62,1.0
2024-10-04 08:53:00,2383.3,1.0
2024-10-04 08:54:00,2383.19,1.0
2024-10-04 08:55:00,2383.0,1.0001
2024-10-04 08:56:00,2381.46,1.0
2024-10-04 08:57:00,2381.5,1.0
2024-10-04 08:58:00,2381.77,1.0
2024-10-04 08:59:00,2382.38,1.0
2024-10-04 09:00:00,2381.51,1.0
2024-10-04 09:01:00,2381.21,1.0
2024-10-04 09:02:00,2382.97,1.0001
2024-10-04 09:03:00,2382.1,1.0
2024-10-04 09:04:00,2382.11,1.0001
2024-10-04 09:05:00,2381.81,1.0
2024-10-04 09:06:00,2384.0,1.0001
2024-10-04 09:07:00,2384.01,1.0001
2024-10-04 09:08:00,2383.59,1.0001
2024-10-04 09:09:00,2383.9,1.0
2024-10-04 09:10:00,2384.25,1.0
2024-10-04 09:11:00,2387.39,1.0
2024-10-04 09:12:00,2384.11,1.0
2024-10-04 09:13:00,2384.39,1.0001
2024-10-04 09:14:00,2386.47,1.0001
2024-10-04 09:15:00,2384.75,1.0
2024-10-04 09:16:00,2384.68,1.0
2024-10-04 09:17:00,2386.91,1.0
2024-10-04 09:18:00,2385.83,1.0
2024-10-04 09:19:00,2385.14,1.0
2024-10-04 09:20:00,2385.08,1.0
2024-10-04 09:21:00,2383.63,1.0
2024-10-04 09:22:00,2382.94,1.0
2024-10-04 09:23:00,2381.81,1.0
2024-10-04 09:24:00,2382.59,1.0001
2024-10-04 09:25:00,2382.42,1.0
2024-10-04 09:26:00,2382.65,1.0001
2024-10-04 09:27:00,2381.0,1.0001
2024-10-04 09:28:00,2381.99,1.0001
2024-10-04 09:29:00,2382.8,1.0001
2024-10-04 09:30:00,2382.2,1.0001
2024-10-04 09:31:00,2381.88,1.0001
2024-10-04 09:32:00,2381.5,1.0
2024-10-04 09:33:00,2380.68,1.0
2024-10-04 09:34:00,2380.45,1.0001
2024-10-04 09:35:00,2380.46,1.0001
2024-10-04 09:36:00,2378.64,1.0001
2024-10-04 09:37:00,2379.22,1.0001
2024-10-04 09:38:00,2379.53,1.0001
2024-10-04 09:39:00,2382.02,1.0001
2024-10-04 09:40:00,2382.53,1.0
2024-10-04 09:41:00,2383.23,1.0001
2024-10-04 09:42:00,2382.93,1.0
2024-10-04 09:43:00,2381.09,1.0
2024-10-04 09:44:00,2380.4,1.0
2024-10-04 09:45:00,2379.96,1.0
2024-10-04 09:46:00,2381.23,1.0
2024-10-04 09:47:00,2380.37,1.0
2024-10-04 09:48:00,2378.35,1.0
2024-10-04 09:49:00,2377.6,1.0
2024-10-04 09:50:00,2378.16,1.0
2024-10-04 09:51:00,2377.02,1.0
2024-10-04 09:52:00,2375.2,1.0
2024-10-04 09:53:00,2375.98,1.0001
2024-10-04 09:54:00,2376.6,1.0
2024-10-04 09:55:00,2376.39,1.0
2024-10-04 09:56:00,2377.25,1.0
2024-10-04 09:57:00,2377.8,1.0
2024-10-04 09:58:00,2377.09,1.0
2024-10-04 09:59:00,2377.48,1.0
2024-10-04 10:00:00,2377.15,1.0
2024-10-04 10:01:00,2377.93,1.0
2024-10-04 10:02:00,2377.59,1.0001
2024-10-04 10:03:00,2379.74,1.0
2024-10-04 10:04:00,2380.3,1.0001
2024-10-04 10:05:00,2378.57,1.0
2024-10-04 10:06:00,2378.77,1.0
2024-10-04 10:07:00,2378.85,1.0001
2024-10-04 10:08:00,2377.02,1.0
2024-10-04 10:09:00,2375.88,1.0001
2024-10-04 10:10:00,2375.69,1.0
2024-10-04 10:11:00,2376.37,1.0001
2024-10-04 10:12:00,2376.38,1.0001
2024-10-04 10:13:00,2375.5,1.0
2024-10-04 10:14:00,2376.42,1.0001
2024-10-04 10:15:00,2376.29,1.0001
2024-10-04 10:16:00,2376.99,1.0
2024-10-04 10:17:00,2376.1,1.0
2024-10-04 10:18:00,2375.2,1.0001
2024-10-04 10:19:00,2375.86,1.0
2024-10-04 10:20:00,2375.42,1.0
2024-10-04 10:21:00,2377.18,1.0001
2024-10-04 10:22:00,2378.4,1.0
2024-10-04 10:23:00,2377.69,1.0001
2024-10-04 10:24:00,2377.37,1.0001
2024-10-04 10:25:00,2376.43,1.0001
2024-10-04 10:26:00,2377.6,1.0002
2024-10-04 10:27:00,2375.58,1.0003
2024-10-04 10:28:00,2376.17,1.0003
2024-10-04 10:29:00,2375.64,1.0003
2024-10-04 10:30:00,2375.6,1.0003
2024-10-04 10:31:00,2374.8,1.0002
2024-10-04 10:32:00,2376.59,1.0002
2024-10-04 10:33:00,2376.59,1.0001
2024-10-04 10:34:00,2376.45,1.0002
2024-10-04 10:35:00,2377.6,1.0002
2024-10-04 10:36:00,2377.6,1.0002
2024-10-04 10:37:00,2378.43,1.0002
2024-10-04 10:38:00,2379.0,1.0001
2024-10-04 10:39:00,2379.79,1.0001
2024-10-04 10:40:00,2379.56,1.0001
2024-10-04 10:41:00,2377.85,1.0002
2024-10-04 10:42:00,2378.59,1.0001
2024-10-04 10:43:00,2378.97,1.0002
2024-10-04 10:44:00,2378.65,1.0001
2024-10-04 10:45:00,2379.06,1.0002
2024-10-04 10:46:00,2379.63,1.0002
2024-10-04 10:47:00,2377.3,1.0001
2024-10-04 10:48:00,2377.97,1.0001
2024-10-04 10:49:00,2377.22,1.0001
2024-10-04 10:50:00,2377.46,1.0001
2024-10-04 10:51:00,2377.57,1.0002
2024-10-04 10:52:00,2377.86,1.0002
2024-10-04 10:53:00,2377.42,1.0001
2024-10-04 10:54:00,2376.0,1.0002
2024-10-04 10:55:00,2376.04,1.0001
2024-10-04 10:56:00,2374.5,1.0001
2024-10-04 10:57:00,2374.99,1.0002
2024-10-04 10:58:00,2375.75,1.0002
2024-10-04 10:59:00,2375.17,1.0002
2024-10-04 11:00:00,2375.17,1.0001
2024-10-04 11:01:00,2375.8,1.0002
2024-10-04 11:02:00,2374.64,1.0002
2024-10-04 11:03:00,2375.0,1.0001
2024-10-04 11:04:00,2376.89,1.0002
2024-10-04 11:05:00,2376.93,1.0002
2024-10-04 11:06:00,2376.54,1.0002
2024-10-04 11:07:00,2375.88,1.0002
2024-10-04 11:08:00,2376.0,1.0001
2024-10-04 11:09:00,2377.23,1.0002
2024-10-04 11:10:00,2378.43,1.0001
2024-10-04 11:11:00,2379.17,1.0001
2024-10-04 11:12:00,2379.08,1.0002
2024-10-04 11:13:00,2379.2,1.0001
2024-10-04 11:14:00,2379.31,1.0002
2024-10-04 11:15:00,2379.25,1.0002
2024-10-04 11:16:00,2380.37,1.0002
2024-10-04 11:17:00,2379.48,1.0001
2024-10-04 11:18:00,2381.79,1.0002
2024-10-04 11:19:00,2381.27,1.0002
2024-10-04 11:20:00,2381.61,1.0002
2024-10-04 11:21:00,2382.45,1.0002
2024-10-04 11:22:00,2379.93,1.0001
2024-10-04 11:23:00,2378.22,1.0002
2024-10-04 11:24:00,2378.66,1.0001
2024-10-04 11:25:00,2378.99,1.0002
2024-10-04 11:26:00,2380.0,1.0002
2024-10-04 11:27:00,2379.72,1.0002
2024-10-04 11:28:00,2379.29,1.0002
2024-10-04 11:29:00,2379.94,1.0002
2024-10-04 11:30:00,2378.91,1.0001
2024-10-04 11:31:00,2380.44,1.0002
2024-10-04 11:32:00,2379.24,1.0001
2024-10-04 11:33:00,2379.7,1.0001
2024-10-04 11:34:00,2378.36,1.0002
2024-10-04 11:35:00,2378.66,1.0002
2024-10-04 11:36:00,2378.01,1.0002
2024-10-04 11:37:00,2380.56,1.0002
2024-10-04 11:38:00,2381.23,1.0001
2024-10-04 11:39:00,2381.39,1.0002
2024-10-04 11:40:00,2380.01,1.0001
2024-10-04 11:41:00,2380.58,1.0001
2024-10-04 11:42:00,2380.78,1.0001
2024-10-04 11:43:00,2380.87,1.0001
2024-10-04 11:44:00,2381.17,1.0001
2024-10-04 11:45:00,2380.61,1.0002
2024-10-04 11:46:00,2382.01,1.0002
2024-10-04 11:47:00,2383.69,1.0002
2024-10-04 11:48:00,2383.78,1.0002
2024-10-04 11:49:00,2383.78,1.0002
2024-10-04 11:50:00,2384.43,1.0002
2024-10-04 11:51:00,2384.01,1.0001
2024-10-04 11:52:00,2385.51,1.0002
2024-10-04 11:53:00,2385.71,1.0002
2024-10-04 11:54:00,2385.6,1.0002
2024-10-04 11:55:00,2385.91,1.0001
2024-10-04 11:56:00,2383.53,1.0001
2024-10-04 11:57:00,2384.39,1.0001
2024-10-04 11:58:00,2385.66,1.0002
2024-10-04 11:59:00,2386.28,1.0001
2024-10-04 12:00:00,2386.2,1.0002
2024-10-04 12:01:00,2386.0,1.0002
2024-10-04 12:02:00,2386.43,1.0002
2024-10-04 12:03:00,2385.4,1.0001
2024-10-04 12:04:00,2383.44,1.0001
2024-10-04 12:05:00,2383.7,1.0001
2024-10-04 12:06:00,2383.01,1.0001
2024-10-04 12:07:00,2382.58,1.0002
2024-10-04 12:08:00,2382.6,1.0001
2024-10-04 12:09:00,2382.31,1.0001
2024-10-04 12:10:00,2381.4,1.0001
2024-10-04 12:11:00,2381.45,1.0002
2024-10-04 12:12:00,2384.13,1.0001
2024-10-04 12:13:00,2382.82,1.0001
2024-10-04 12:14:00,2382.66,1.0001
2024-10-04 12:15:00,2381.77,1.0002
2024-10-04 12:16:00,2382.85,1.0002
2024-10-04 12:17:00,2383.28,1.0002
2024-10-04 12:18:00,2383.96,1.0001
2024-10-04 12:19:00,2384.8,1.0002
2024-10-04 12:20:00,2385.36,1.0001
2024-10-04 12:21:00,2385.89,1.0002
2024-10-04 12:22:00,2383.84,1.0002
2024-10-04 12:23:00,2383.47,1.0002
2024-10-04 12:24:00,2384.27,1.0002
2024-10-04 12:25:00,2386.26,1.0002
2024-10-04 12:26:00,2386.58,1.0001
2024-10-04 12:27:00,2386.99,1.0001
2024-10-04 12:28:00,2385.32,1.0001
2024-10-04 12:29:00,2385.91,1.0002
2024-10-04 12:30:00,2388.49,1.0001
2024-10-04 12:31:00,2392.81,1.0002
2024-10-04 12:32:00,2392.56,1.0002
2024-10-04 12:33:00,2384.8,1.0002
2024-10-04 12:34:00,2383.8,1.0003
2024-10-04 12:35:00,2380.95,1.0001
2024-10-04 12:36:00,2382.04,1.0002
2024-10-04 12:37:00,2383.37,1.0003
2024-10-04 12:38:00,2383.61,1.0002
2024-10-04 12:39:00,2385.0,1.0002
2024-10-04 12:40:00,2385.79,1.0003
2024-10-04 12:41:00,2381.32,1.0003
2024-10-04 12:42:00,2379.0,1.0002
2024-10-04 12:43:00,2379.12,1.0002
2024-10-04 12:44:00,2377.0,1.0002
2024-10-04 12:45:00,2375.6,1.0003
2024-10-04 12:46:00,2376.9,1.0003
2024-10-04 12:47:00,2383.59,1.0003
2024-10-04 12:48:00,2384.84,1.0002
2024-10-04 12:49:00,2384.99,1.0003
2024-10-04 12:50:00,2382.86,1.0002
2024-10-04 12:51:00,2382.59,1.0003
2024-10-04 12:52:00,2384.6,1.0002
2024-10-04 12:53:00,2386.91,1.0003
2024-10-04 12:54:00,2388.07,1.0002
2024-10-04 12:55:00,2390.18,1.0003
2024-10-04 12:56:00,2391.0,1.0003
2024-10-04 12:57:00,2391.84,1.0003
2024-10-04 12:58:00,2391.68,1.0003
2024-10-04 12:59:00,2392.2,1.0003
2024-10-04 13:00:00,2397.35,1.0003
2024-10-04 13:01:00,2391.83,1.0003
2024-10-04 13:02:00,2390.61,1.0002
2024-10-04 13:03:00,2394.89,1.0003
2024-10-04 13:04:00,2391.74,1.0003
2024-10-04 13:05:00,2388.89,1.0002
2024-10-04 13:06:00,2390.0,1.0002
2024-10-04 13:07:00,2388.06,1.0002
2024-10-04 13:08:00,2388.93,1.0003
2024-10-04 13:09:00,2390.31,1.0002
2024-10-04 13:10:00,2389.48,1.0002
2024-10-04 13:11:00,2390.27,1.0002
2024-10-04 13:12:00,2390.39,1.0003
2024-10-04 13:13:00,2391.63,1.0001
2024-10-04 13:14:00,2393.8,1.0002
2024-10-04 13:15:00,2391.59,1.0002
2024-10-04 13:16:00,2392.9,1.0002
2024-10-04 13:17:00,2392.68,1.0002
2024-10-04 13:18:00,2388.67,1.0002
2024-10-04 13:19:00,2385.71,1.0001
2024-10-04 13:20:00,2386.79,1.0002
2024-10-04 13:21:00,2385.98,1.0001
2024-10-04 13:22:00,2386.06,1.0001
2024-10-04 13:23:00,2384.46,1.0001
2024-10-04 13:24:00,2385.21,1.0002
2024-10-04 13:25:00,2382.57,1.0001
2024-10-04 13:26:00,2384.14,1.0001
2024-10-04 13:27:00,2383.47,1.0001
2024-10-04 13:28:00,2384.37,1.0002
2024-10-04 13:29:00,2383.56,1.0002
2024-10-04 13:30:00,2382.32,1.0001
2024-10-04 13:31:00,2381.0,1.0001
2024-10-04 13:32:00,2383.23,1.0003
2024-10-04 13:33:00,2381.46,1.0002
2024-10-04 13:34:00,2382.54,1.0002
2024-10-04 13:35:00,2383.38,1.0002
2024-10-04 13:36:00,2386.3,1.0003
2024-10-04 13:37:00,2387.41,1.0003
2024-10-04 13:38:00,2384.01,1.0003
2024-10-04 13:39:00,2384.67,1.0002
2024-10-04 13:40:00,2387.02,1.0002
2024-10-04 13:41:00,2388.06,1.0002
2024-10-04 13:42:00,2390.4,1.0003
2024-10-04 13:43:00,2390.51,1.0003
2024-10-04 13:44:00,2390.03,1.0003
2024-10-04 13:45:00,2387.2,1.0003
2024-10-04 13:46:00,2387.03,1.0002
2024-10-04 13:47:00,2385.79,1.0002
2024-10-04 13:48:00,2383.1,1.0002
2024-10-04 13:49:00,2383.16,1.0002
2024-10-04 13:50:00,2385.4,1.0001
2024-10-04 13:51:00,2382.24,1.0001
2024-10-04 13:52:00,2382.8,1.0001
2024-10-04 13:53:00,2385.74,1.0001
2024-10-04 13:54:00,2384.74,1.0001
2024-10-04 13:55:00,2381.34,1.0001
2024-10-04 13:56:00,2380.7,1.0001
2024-10-04 13:57:00,2377.78,1.0001
2024-10-04 13:58:00,2377.21,1.0002
2024-10-04 13:59:00,2378.6,1.0001
2024-10-04 14:00:00,2378.59,1.0001
2024-10-04 14:01:00,2376.41,1.0002
2024-10-04 14:02:00,2376.25,1.0001
2024-10-04 14:03:00,2378.06,1.0001
2024-10-04 14:04:00,2377.1,1.0002
2024-10-04 14:05:00,2375.3,1.0002
2024-10-04 14:06:00,2377.55,1.0001
2024-10-04 14:07:00,2380.54,1.0002
2024-10-04 14:08:00,2380.22,1.0001
2024-10-04 14:09:00,2372.4,1.0001
2024-10-04 14:10:00,2372.82,1.0001
2024-10-04 14:11:00,2368.61,1.0001
2024-10-04 14:12:00,2369.72,1.0001
2024-10-04 14:13:00,2369.86,1.0002
2024-10-04 14:14:00,2373.58,1.0001
2024-10-04 14:15:00,2373.1,1.0002
2024-10-04 14:16:00,2374.8,1.0002
2024-10-04 14:17:00,2376.59,1.0002
2024-10-04 14:18:00,2374.56,1.0001
2024-10-04 14:19:00,2374.71,1.0002
2024-10-04 14:20:00,2376.36,1.0001
2024-10-04 14:21:00,2374.79,1.0001
2024-10-04 14:22:00,2374.16,1.0002
2024-10-04 14:23:00,2370.57,1.0001
2024-10-04 14:24:00,2368.32,1.0001
2024-10-04 14:25:00,2362.92,1.0002
2024-10-04 14:26:00,2362.72,1.0002
2024-10-04 14:27:00,2358.21,1.0002
2024-10-04 14:28:00,2355.15,1.0002
2024-10-04 14:29:00,2356.19,1.0002
2024-10-04 14:30:00,2359.33,1.0002
2024-10-04 14:31:00,2356.77,1.0001
2024-10-04 14:32:00,2356.28,1.0002
2024-10-04 14:33:00,2356.19,1.0001
2024-10-04 14:34:00,2356.82,1.0002
2024-10-04 14:35:00,2357.51,1.0001
2024-10-04 14:36:00,2359.5,1.0001
2024-10-04 14:37:00,2361.04,1.0001
2024-10-04 14:38:00,2359.15,1.0001
2024-10-04 14:39:00,2360.18,1.0002
2024-10-04 14:40:00,2357.7,1.0001
2024-10-04 14:41:00,2361.39,1.0001
2024-10-04 14:42:00,2362.6,1.0002
2024-10-04 14:43:00,2361.37,1.0001
2024-10-04 14:44:00,2362.87,1.0001
2024-10-04 14:45:00,2365.36,1.0001
2024-10-04 14:46:00,2363.06,1.0001
2024-10-04 14:47:00,2363.8,1.0002
2024-10-04 14:48:00,2363.0,1.0001
2024-10-04 14:49:00,2365.95,1.0001
2024-10-04 14:50:00,2368.13,1.0002
2024-10-04 14:51:00,2368.9,1.0002
2024-10-04 14:52:00,2368.1,1.0001
2024-10-04 14:53:00,2369.69,1.0002
2024-10-04 14:54:00,2368.41,1.0001
2024-10-04 14:55:00,2367.58,1.0002
2024-10-04 14:56:00,2363.39,1.0002
2024-10-04 14:57:00,2364.6,1.0002
2024-10-04 14:58:00,2364.39,1.0002
2024-10-04 14:59:00,2365.48,1.0002
2024-10-04 15:00:00,2367.21,1.0001
2024-10-04 15:01:00,2368.39,1.0001
2024-10-04 15:02:00,2369.52,1.0002
2024-10-04 15:03:00,2370.12,1.0001
2024-10-04 15:04:00,2373.39,1.0002
2024-10-04 15:05:00,2378.4,1.0002
2024-10-04 15:06:00,2384.17,1.0002
2024-10-04 15:07:00,2386.77,1.0002
2024-10-04 15:08:00,2385.1,1.0002
2024-10-04 15:09:00,2389.33,1.0001
2024-10-04 15:10:00,2387.72,1.0001
2024-10-04 15:11:00,2391.82,1.0002
2024-10-04 15:12:00,2390.16,1.0001
2024-10-04 15:13:00,2389.02,1.0001
2024-10-04 15:14:00,2385.41,1.0001
2024-10-04 15:15:00,2387.01,1.0002
2024-10-04 15:16:00,2388.49,1.0002
2024-10-04 15:17:00,2393.28,1.0001
2024-10-04 15:18:00,2393.56,1.0001
2024-10-04 15:19:00,2391.66,1.0001
2024-10-04 15:20:00,2392.77,1.0001
2024-10-04 15:21:00,2390.19,1.0001
2024-10-04 15:22:00,2394.28,1.0002
2024-10-04 15:23:00,2391.19,1.0001
2024-10-04 15:24:00,2392.76,1.0002
2024-10-04 15:25:00,2395.71,1.0001
2024-10-04 15:26:00,2390.92,1.0001
2024-10-04 15:27:00,2388.62,1.0001
2024-10-04 15:28:00,2388.6,1.0002
2024-10-04 15:29:00,2387.79,1.0001
2024-10-04 15:30:00,2387.5,1.0001
2024-10-04 15:31:00,2385.3,1.0001
2024-10-04 15:32:00,2384.99,1.0001
2024-10-04 15:33:00,2386.68,1.0002
2024-10-04 15:34:00,2386.21,1.0002
2024-10-04 15:35:00,2389.81,1.0001
2024-10-04 15:36:00,2390.6,1.0002
2024-10-04 15:37:00,2389.47,1.0001
2024-10-04 15:38:00,2388.1,1.0001
2024-10-04 15:39:00,2386.8,1.0001
2024-10-04 15:40:00,2386.8,1.0001
2024-10-04 15:41:00,2387.07,1.0001
2024-10-04 15:42:00,2389.33,1.0
2024-10-04 15:43:00,2392.33,1.0001
2024-10-04 15:44:00,2389.51,1.0001
2024-10-04 15:45:00,2391.6,1.0002
2024-10-04 15:46:00,2390.25,1.0002
2024-10-04 15:47:00,2392.66,1.0001
2024-10-04 15:48:00,2393.1,1.0001
2024-10-04 15:49:00,2391.21,1.0001
2024-10-04 15:50:00,2390.38,1.0001
2024-10-04 15:51:00,2388.02,1.0
2024-10-04 15:52:00,2390.96,1.0001
2024-10-04 15:53:00,2393.8,1.0
2024-10-04 15:54:00,2395.99,1.0001
2024-10-04 15:55:00,2397.42,1.0001
2024-10-04 15:56:00,2407.21,1.0
2024-10-04 15:57:00,2410.45,1.0001
2024-10-04 15:58:00,2414.95,1.0001
2024-10-04 15:59:00,2416.64,1.0002
2024-10-04 16:00:00,2417.1,1.0002
2024-10-04 16:01:00,2420.53,1.0001
2024-10-04 16:02:00,2419.84,1.0002
2024-10-04 16:03:00,2418.69,1.0002
2024-10-04 16:04:00,2416.75,1.0001
2024-10-04 16:05:00,2415.79,1.0001
2024-10-04 16:06:00,2418.33,1.0001
2024-10-04 16:07:00,2420.01,1.0001
2024-10-04 16:08:00,2421.58,1.0002
2024-10-04 16:09:00,2419.59,1.0001
2024-10-04 16:10:00,2414.4,1.0002
2024-10-04 16:11:00,2416.99,1.0001
2024-10-04 16:12:00,2419.6,1.0001
2024-10-04 16:13:00,2417.71,1.0001
2024-10-04 16:14:00,2420.25,1.0001
2024-10-04 16:15:00,2418.84,1.0001
2024-10-04 16:16:00,2417.81,1.0001
2024-10-04 16:17:00,2419.99,1.0001
2024-10-04 16:18:00,2425.78,1.0001
2024-10-04 16:19:00,2427.61,1.0001
2024-10-04 16:20:00,2430.81,1.0001
2024-10-04 16:21:00,2430.43,1.0002
2024-10-04 16:22:00,2429.13,1.0001
2024-10-04 16:23:00,2433.12,1.0001
2024-10-04 16:24:00,2434.8,1.0002
2024-10-04 16:25:00,2434.94,1.0001
2024-10-04 16:26:00,2432.41,1.0001
2024-10-04 16:27:00,2431.6,1.0001
2024-10-04 16:28:00,2432.74,1.0001
2024-10-04 16:29:00,2433.01,1.0001
2024-10-04 16:30:00,2434.4,1.0002
2024-10-04 16:31:00,2440.1,1.0001
2024-10-04 16:32:00,2440.78,1.0001
2024-10-04 16:33:00,2439.27,1.0001
2024-10-04 16:34:00,2438.41,1.0001
2024-10-04 16:35:00,2439.02,1.0001
2024-10-04 16:36:00,2438.02,1.0001
2024-10-04 16:37:00,2440.87,1.0001
2024-10-04 16:38:00,2437.1,1.0001
2024-10-04 16:39:00,2435.76,1.0001
2024-10-04 16:40:00,2436.89,1.0001
2024-10-04 16:41:00,2435.4,1.0001
2024-10-04 16:42:00,2431.39,1.0001
2024-10-04 16:43:00,2433.95,1.0
2024-10-04 16:44:00,2432.61,1.0
2024-10-04 16:45:00,2431.59,1.0
2024-10-04 16:46:00,2432.8,1.0001
2024-10-04 16:47:00,2430.84,1.0
2024-10-04 16:48:00,2430.24,1.0001
2024-10-04 16:49:00,2431.81,1.0
2024-10-04 16:50:00,2432.72,1.0
2024-10-04 16:51:00,2432.48,1.0
2024-10-04 16:52:00,2430.89,1.0001
2024-10-04 16:53:00,2431.4,1.0001
2024-10-04 16:54:00,2433.1,1.0
2024-10-04 16:55:00,2432.28,1.0001
2024-10-04 16:56:00,2433.53,1.0
2024-10-04 16:57:00,2433.18,1.0
2024-10-04 16:58:00,2434.19,1.0001
2024-10-04 16:59:00,2432.74,1.0
2024-10-04 17:00:00,2433.73,1.0
2024-10-04 17:01:00,2432.67,1.0
2024-10-04 17:02:00,2433.43,1.0001
2024-10-04 17:03:00,2432.08,1.0001
2024-10-04 17:04:00,2435.77,1.0
2024-10-04 17:05:00,2436.06,1.0
2024-10-04 17:06:00,2435.3,1.0
2024-10-04 17:07:00,2436.16,1.0
2024-10-04 17:08:00,2437.09,1.0
2024-10-04 17:09:00,2435.84,1.0001
2024-10-04 17:10:00,2435.12,1.0001
2024-10-04 17:11:00,2435.6,1.0
2024-10-04 17:12:00,2432.27,1.0
2024-10-04 17:13:00,2430.39,1.0
2024-10-04 17:14:00,2426.19,1.0
2024-10-04 17:15:00,2427.44,1.0001
2024-10-04 17:16:00,2428.29,1.0
2024-10-04 17:17:00,2429.66,1.0001
2024-10-04 17:18:00,2427.54,1.0001
2024-10-04 17:19:00,2427.6,1.0001
2024-10-04 17:20:00,2426.0,1.0
2024-10-04 17:21:00,2427.8,1.0001
2024-10-04 17:22:00,2425.5,1.0001
2024-10-04 17:23:00,2426.0,1.0
2024-10-04 17:24:00,2425.43,1.0
2024-10-04 17:25:00,2424.45,1.0
2024-10-04 17:26:00,2423.7,1.0
2024-10-04 17:27:00,2423.98,1.0
2024-10-04 17:28:00,2422.0,1.0
2024-10-04 17:29:00,2423.93,1.0
2024-10-04 17:30:00,2423.08,1.0
2024-10-04 17:31:00,2420.34,1.0
2024-10-04 17:32:00,2422.19,1.0001
2024-10-04 17:33:00,2423.69,1.0
2024-10-04 17:34:00,2420.65,1.0001
2024-10-04 17:35:00,2417.58,1.0
2024-10-04 17:36:00,2415.0,1.0
2024-10-04 17:37:00,2416.5,1.0
2024-10-04 17:38:00,2412.69,1.0
2024-10-04 17:39:00,2414.1,1.0
2024-10-04 17:40:00,2415.81,1.0001
2024-10-04 17:41:00,2415.5,1.0001
2024-10-04 17:42:00,2417.63,1.0001
2024-10-04 17:43:00,2420.0,1.0
2024-10-04 17:44:00,2420.75,1.0001
2024-10-04 17:45:00,2420.06,1.0001
2024-10-04 17:46:00,2419.12,1.0
2024-10-04 17:47:00,2418.7,1.0
2024-10-04 17:48:00,2419.39,1.0
2024-10-04 17:49:00,2419.79,1.0001
2024-10-04 17:50:00,2418.93,1.0001
2024-10-04 17:51:00,2418.1,1.0
2024-10-04 17:52:00,2418.0,1.0
2024-10-04 17:53:00,2417.05,1.0
2024-10-04 17:54:00,2415.9,1.0
2024-10-04 17:55:00,2416.06,1.0
2024-10-04 17:56:00,2415.64,1.0
2024-10-04 17:57:00,2415.79,1.0
2024-10-04 17:58:00,2417.65,1.0001
2024-10-04 17:59:00,2417.09,1.0
2024-10-04 18:00:00,2415.25,1.0
2024-10-04 18:01:00,2414.8,1.0001
2024-10-04 18:02:00,2414.8,1.0
2024-10-04 18:03:00,2413.99,1.0
2024-10-04 18:04:00,2412.98,1.0001
2024-10-04 18:05:00,2412.32,1.0001
2024-10-04 18:06:00,2411.89,1.0
2024-10-04 18:07:00,2411.31,1.0001
2024-10-04 18:08:00,2413.79,1.0001
2024-10-04 18:09:00,2415.8,1.0001
2024-10-04 18:10:00,2416.15,1.0
2024-10-04 18:11:00,2414.45,1.0
2024-10-04 18:12:00,2413.64,1.0001
2024-10-04 18:13:00,2414.19,1.0001
2024-10-04 18:14:00,2413.94,1.0001
2024-10-04 18:15:00,2414.91,1.0
2024-10-04 18:16:00,2414.45,1.0001
2024-10-04 18:17:00,2415.02,1.0
2024-10-04 18:18:00,2416.19,1.0001
2024-10-04 18:19:00,2417.66,1.0001
2024-10-04 18:20:00,2417.66,1.0
2024-10-04 18:21:00,2418.92,1.0001
2024-10-04 18:22:00,2418.65,1.0
2024-10-04 18:23:00,2420.27,1.0
2024-10-04 18:24:00,2418.19,1.0
2024-10-04 18:25:00,2418.41,1.0001
2024-10-04 18:26:00,2419.39,1.0001
2024-10-04 18:27:00,2419.44,1.0
2024-10-04 18:28:00,2419.66,1.0
2024-10-04 18:29:00,2419.27,1.0001
2024-10-04 18:30:00,2420.2,1.0
2024-10-04 18:31:00,2420.68,1.0
2024-10-04 18:32:00,2420.84,1.0001
2024-10-04 18:33:00,2421.8,1.0
2024-10-04 18:34:00,2423.98,1.0
2024-10-04 18:35:00,2424.53,1.0001
2024-10-04 18:36:00,2425.2,1.0
2024-10-04 18:37:00,2424.23,1.0
2024-10-04 18:38:00,2427.0,1.0001
2024-10-04 18:39:00,2427.09,1.0001
2024-10-04 18:40:00,2425.9,1.0001
2024-10-04 18:41:00,2427.21,1.0
2024-10-04 18:42:00,2428.9,1.0
2024-10-04 18:43:00,2428.19,1.0
2024-10-04 18:44:00,2425.9,1.0
2024-10-04 18:45:00,2425.01,1.0
2024-10-04 18:46:00,2426.21,1.0
2024-10-04 18:47:00,2427.34,1.0
2024-10-04 18:48:00,2426.48,1.0
2024-10-04 18:49:00,2425.45,1.0
2024-10-04 18:50:00,2424.77,1.0
2024-10-04 18:51:00,2426.24,1.0
2024-10-04 18:52:00,2426.92,1.0
2024-10-04 18:53:00,2426.55,1.0
2024-10-04 18:54:00,2426.32,1.0
2024-10-04 18:55:00,2428.31,1.0001
2024-10-04 18:56:00,2426.7,1.0
2024-10-04 18:57:00,2427.22,1.0001
2024-10-04 18:58:00,2429.5,1.0
2024-10-04 18:59:00,2430.73,1.0001
2024-10-04 19:00:00,2432.19,1.0001
2024-10-04 19:01:00,2433.34,1.0
2024-10-04 19:02:00,2433.99,1.0001
2024-10-04 19:03:00,2435.0,1.0
2024-10-04 19:04:00,2430.4,1.0
2024-10-04 19:05:00,2429.3,1.0
2024-10-04 19:06:00,2429.22,1.0
2024-10-04 19:07:00,2430.22,1.0
2024-10-04 19:08:00,2428.68,1.0001
2024-10-04 19:09:00,2428.49,1.0001
2024-10-04 19:10:00,2428.9,1.0
2024-10-04 19:11:00,2429.12,1.0
2024-10-04 19:12:00,2428.5,1.0001
2024-10-04 19:13:00,2429.67,1.0001
2024-10-04 19:14:00,2430.63,1.0
2024-10-04 19:15:00,2431.38,1.0
2024-10-04 19:16:00,2431.5,1.0
2024-10-04 19:17:00,2431.21,1.0
2024-10-04 19:18:00,2430.01,1.0
2024-10-04 19:19:00,2430.72,1.0
2024-10-04 19:20:00,2431.55,1.0001
2024-10-04 19:21:00,2431.07,1.0
2024-10-04 19:22:00,2431.62,1.0
2024-10-04 19:23:00,2432.4,1.0
2024-10-04 19:24:00,2431.0,1.0
2024-10-04 19:25:00,2430.91,1.0001
2024-10-04 19:26:00,2428.75,1.0001
2024-10-04 19:27:00,2429.01,1.0
2024-10-04 19:28:00,2428.01,1.0
2024-10-04 19:29:00,2430.23,1.0
2024-10-04 19:30:00,2431.03,1.0
2024-10-04 19:31:00,2429.84,1.0
2024-10-04 19:32:00,2429.65,1.0
2024-10-04 19:33:00,2431.32,1.0
2024-10-04 19:34:00,2430.41,1.0001
2024-10-04 19:35:00,2430.22,1.0001
2024-10-04 19:36:00,2429.2,1.0
2024-10-04 19:37:00,2428.75,1.0
2024-10-04 19:38:00,2428.26,1.0
2024-10-04 19:39:00,2427.37,1.0
2024-10-04 19:40:00,2426.63,1.0
2024-10-04 19:41:00,2427.04,1.0
2024-10-04 19:42:00,2427.11,1.0
2024-10-04 19:43:00,2426.32,1.0
2024-10-04 19:44:00,2425.05,1.0001
2024-10-04 19:45:00,2424.05,1.0
2024-10-04 19:46:00,2425.67,1.0
2024-10-04 19:47:00,2426.16,1.0
2024-10-04 19:48:00,2425.89,1.0001
2024-10-04 19:49:00,2426.59,1.0
2024-10-04 19:50:00,2426.99,1.0
2024-10-04 19:51:00,2426.19,1.0
2024-10-04 19:52:00,2425.52,1.0
2024-10-04 19:53:00,2425.32,1.0
2024-10-04 19:54:00,2425.33,1.0
2024-10-04 19:55:00,2427.13,1.0
2024-10-04 19:56:00,2425.94,1.0001
2024-10-04 19:57:00,2425.8,1.0
2024-10-04 19:58:00,2427.54,1.0
2024-10-04 19:59:00,2429.4,1.0001
2024-10-04 20:00:00,2428.9,1.0
2024-10-04 20:01:00,2427.71,1.0001
2024-10-04 20:02:00,2426.78,1.0
2024-10-04 20:03:00,2428.83,1.0
2024-10-04 20:04:00,2430.45,1.0001
2024-10-04 20:05:00,2428.02,1.0
2024-10-04 20:06:00,2427.35,1.0
2024-10-04 20:07:00,2427.61,1.0
2024-10-04 20:08:00,2427.45,1.0
2024-10-04 20:09:00,2427.72,0.9999
2024-10-04 20:10:00,2427.95,0.9999
2024-10-04 20:11:00,2427.07,0.9999
2024-10-04 20:12:00,2425.86,1.0
2024-10-04 20:13:00,2426.69,1.0
2024-10-04 20:14:00,2427.47,0.9999
2024-10-04 20:15:00,2427.96,0.9999
2024-10-04 20:16:00,2428.5,1.0
2024-10-04 20:17:00,2427.17,0.9999
2024-10-04 20:18:00,2425.65,0.9999
2024-10-04 20:19:00,2425.07,1.0
2024-10-04 20:20:00,2424.47,1.0
2024-10-04 20:21:00,2424.0,1.0
2024-10-04 20:22:00,2424.64,0.9999
2024-10-04 20:23:00,2426.0,1.0
2024-10-04 20:24:00,2426.6,0.9999
2024-10-04 20:25:00,2424.32,1.0
2024-10-04 20:26:00,2424.99,1.0
2024-10-04 20:27:00,2425.05,1.0
2024-10-04 20:28:00,2425.3,1.0
2024-10-04 20:29:00,2424.98,0.9999
2024-10-04 20:30:00,2425.68,0.9999
2024-10-04 20:31:00,2425.03,1.0
2024-10-04 20:32:00,2423.59,0.9999
2024-10-04 20:33:00,2423.8,0.9999
2024-10-04 20:34:00,2422.59,0.9999
2024-10-04 20:35:00,2422.9,1.0
2024-10-04 20:36:00,2422.68,1.0
2024-10-04 20:37:00,2424.69,0.9999
2024-10-04 20:38:00,2425.11,1.0
2024-10-04 20:39:00,2426.82,1.0
2024-10-04 20:40:00,2426.89,1.0
2024-10-04 20:41:00,2427.93,0.9999
2024-10-04 20:42:00,2428.52,0.9999
2024-10-04 20:43:00,2427.45,0.9999
2024-10-04 20:44:00,2426.88,0.9999
2024-10-04 20:45:00,2427.89,0.9999
2024-10-04 20:46:00,2427.33,1.0
2024-10-04 20:47:00,2427.74,1.0
2024-10-04 20:48:00,2429.02,1.0
2024-10-04 20:49:00,2429.81,1.0001
2024-10-04 20:50:00,2430.47,1.0
2024-10-04 20:51:00,2430.34,1.0
2024-10-04 20:52:00,2430.44,1.0
2024-10-04 20:53:00,2430.43,1.0
2024-10-04 20:54:00,2430.23,1.0001
2024-10-04 20:55:00,2430.53,1.0
2024-10-04 20:56:00,2430.97,1.0
2024-10-04 20:57:00,2429.9,1.0
2024-10-04 20:58:00,2430.0,1.0001
2024-10-04 20:59:00,2431.22,1.0
2024-10-04 21:00:00,2429.29,1.0
2024-10-04 21:01:00,2430.2,1.0
2024-10-04 21:02:00,2431.22,1.0
2024-10-04 21:03:00,2430.23,1.0001
2024-10-04 21:04:00,2428.4,1.0
2024-10-04 21:05:00,2428.13,1.0
2024-10-04 21:06:00,2426.9,1.0
2024-10-04 21:07:00,2426.79,1.0
2024-10-04 21:08:00,2427.51,1.0
2024-10-04 21:09:00,2429.28,1.0
2024-10-04 21:10:00,2429.21,1.0
2024-10-04 21:11:00,2428.53,1.0
2024-10-04 21:12:00,2428.71,1.0
2024-10-04 21:13:00,2428.99,1.0
2024-10-04 21:14:00,2428.89,1.0001
2024-10-04 21:15:00,2427.15,1.0001
2024-10-04 21:16:00,2427.96,1.0
2024-10-04 21:17:00,2428.17,1.0
2024-10-04 21:18:00,2428.5,1.0
2024-10-04 21:19:00,2428.5,1.0
2024-10-04 21:20:00,2428.72,1.0001
2024-10-04 21:21:00,2429.27,1.0
2024-10-04 21:22:00,2429.26,1.0
2024-10-04 21:23:00,2429.26,1.0
2024-10-04 21:24:00,2428.57,1.0
2024-10-04 21:25:00,2428.42,1.0
2024-10-04 21:26:00,2428.5,1.0001
2024-10-04 21:27:00,2428.49,1.0
2024-10-04 21:28:00,2428.34,1.0
2024-10-04 21:29:00,2427.97,1.0
2024-10-04 21:30:00,2426.1,1.0001
2024-10-04 21:31:00,2425.19,1.0
2024-10-04 21:32:00,2425.5,1.0
2024-10-04 21:33:00,2425.5,0.9999
2024-10-04 21:34:00,2425.59,1.0
2024-10-04 21:35:00,2425.01,1.0
2024-10-04 21:36:00,2424.5,0.9999
2024-10-04 21:37:00,2424.15,0.9999
2024-10-04 21:38:00,2423.87,0.9999
2024-10-04 21:39:00,2424.33,1.0
2024-10-04 21:40:00,2424.85,1.0
2024-10-04 21:41:00,2424.7,0.9999
2024-10-04 21:42:00,2424.98,0.9999
2024-10-04 21:43:00,2424.83,0.9999
2024-10-04 21:44:00,2424.84,1.0
2024-10-04 21:45:00,2424.46,1.0
2024-10-04 21:46:00,2423.27,0.9999
2024-10-04 21:47:00,2423.27,1.0
2024-10-04 21:48:00,2424.53,0.9999
2024-10-04 21:49:00,2425.69,0.9999
2024-10-04 21:50:00,2425.76,1.0
2024-10-04 21:51:00,2425.33,1.0
2024-10-04 21:52:00,2423.42,0.9999
2024-10-04 21:53:00,2425.63,0.9999
2024-10-04 21:54:00,2425.12,0.9999
2024-10-04 21:55:00,2425.09,1.0
2024-10-04 21:56:00,2425.01,0.9999
2024-10-04 21:57:00,2424.82,0.9999
2024-10-04 21:58:00,2424.74,0.9999
2024-10-04 21:59:00,2424.0,1.0
2024-10-04 22:00:00,2424.34,1.0
2024-10-04 22:01:00,2424.79,0.9999
2024-10-04 22:02:00,2425.0,0.9999
2024-10-04 22:03:00,2425.69,0.9999
2024-10-04 22:04:00,2426.71,0.9999
2024-10-04 22:05:00,2425.67,0.9999
2024-10-04 22:06:00,2425.41,1.0
2024-10-04 22:07:00,2422.4,1.0
2024-10-04 22:08:00,2422.3,0.9999
2024-10-04 22:09:00,2422.68,0.9999
2024-10-04 22:10:00,2423.11,1.0
2024-10-04 22:11:00,2422.02,0.9999
2024-10-04 22:12:00,2422.6,0.9999
2024-10-04 22:13:00,2421.81,0.9999
2024-10-04 22:14:00,2421.47,1.0
2024-10-04 22:15:00,2422.09,1.0
2024-10-04 22:16:00,2420.68,1.0
2024-10-04 22:17:00,2422.81,0.9999
2024-10-04 22:18:00,2421.89,0.9999
2024-10-04 22:19:00,2423.69,1.0
2024-10-04 22:20:00,2424.73,0.9999
2024-10-04 22:21:00,2424.4,0.9999
2024-10-04 22:22:00,2421.24,0.9999
2024-10-04 22:23:00,2420.83,1.0
2024-10-04 22:24:00,2422.99,1.0
2024-10-04 22:25:00,2423.8,0.9999
2024-10-04 22:26:00,2421.68,0.9999
2024-10-04 22:27:00,2421.85,0.9999
2024-10-04 22:28:00,2421.68,1.0
2024-10-04 22:29:00,2422.19,0.9999
2024-10-04 22:30:00,2421.84,1.0
2024-10-04 22:31:00,2421.66,1.0
2024-10-04 22:32:00,2421.33,1.0
2024-10-04 22:33:00,2419.99,0.9999
2024-10-04 22:34:00,2420.25,1.0
2024-10-04 22:35:00,2419.67,0.9999
2024-10-04 22:36:00,2419.69,1.0
2024-10-04 22:37:00,2419.77,1.0
2024-10-04 22:38:00,2419.66,1.0
2024-10-04 22:39:00,2418.22,1.0
2024-10-04 22:40:00,2417.65,1.0
2024-10-04 22:41:00,2418.49,1.0
2024-10-04 22:42:00,2418.42,1.0
2024-10-04 22:43:00,2418.98,1.0
2024-10-04 22:44:00,2418.76,0.9999
2024-10-04 22:45:00,2417.8,0.9999
2024-10-04 22:46:00,2418.65,1.0
2024-10-04 22:47:00,2418.33,0.9999
2024-10-04 22:48:00,2418.66,0.9999
2024-10-04 22:49:00,2417.65,0.9999
2024-10-04 22:50:00,2418.28,0.9999
2024-10-04 22:51:00,2418.32,1.0
2024-10-04 22:52:00,2419.05,1.0
2024-10-04 22:53:00,2418.99,1.0
2024-10-04 22:54:00,2420.16,1.0
2024-10-04 22:55:00,2419.21,0.9999
2024-10-04 22:56:00,2419.99,0.9999
2024-10-04 22:57:00,2420.23,1.0
2024-10-04 22:58:00,2421.13,0.9999
2024-10-04 22:59:00,2420.68,0.9999
2024-10-04 23:00:00,2420.91,1.0
2024-10-04 23:01:00,2421.14,0.9999
2024-10-04 23:02:00,2421.48,0.9999
2024-10-04 23:03:00,2421.08,0.9999
2024-10-04 23:04:00,2421.14,0.9999
2024-10-04 23:05:00,2420.0,1.0
2024-10-04 23:06:00,2418.22,0.9999
2024-10-04 23:07:00,2418.16,1.0
2024-10-04 23:08:00,2415.35,1.0
2024-10-04 23:09:00,2416.2,0.9999
2024-10-04 23:10:00,2416.59,0.9999
2024-10-04 23:11:00,2418.7,0.9999
2024-10-04 23:12:00,2418.15,0.9999
2024-10-04 23:13:00,2418.27,0.9999
2024-10-04 23:14:00,2418.69,1.0
2024-10-04 23:15:00,2417.8,0.9999
2024-10-04 23:16:00,2418.42,0.9999
2024-10-04 23:17:00,2417.65,1.0
2024-10-04 23:18:00,2416.99,1.0
2024-10-04 23:19:00,2415.64,0.9999
2024-10-04 23:20:00,2416.21,0.9999
2024-10-04 23:21:00,2415.86,0.9999
2024-10-04 23:22:00,2415.69,1.0
2024-10-04 23:23:00,2415.12,1.0
2024-10-04 23:24:00,2415.29,0.9999
2024-10-04 23:25:00,2415.75,1.0
2024-10-04 23:26:00,2414.68,1.0
2024-10-04 23:27:00,2415.56,1.0
2024-10-04 23:28:00,2414.68,1.0
2024-10-04 23:29:00,2413.99,0.9999
2024-10-04 23:30:00,2413.69,1.0
2024-10-04 23:31:00,2413.59,0.9999
2024-10-04 23:32:00,2413.05,0.9999
2024-10-04 23:33:00,2412.85,1.0
2024-10-04 23:34:00,2412.72,1.0
2024-10-04 23:35:00,2414.64,0.9999
2024-10-04 23:36:00,2414.2,1.0
2024-10-04 23:37:00,2414.99,0.9999
2024-10-04 23:38:00,2415.06,0.9999
2024-10-04 23:39:00,2415.65,1.0
2024-10-04 23:40:00,2416.2,0.9999
2024-10-04 23:41:00,2415.42,1.0
2024-10-04 23:42:00,2414.86,1.0
2024-10-04 23:43:00,2414.01,0.9999
2024-10-04 23:44:00,2413.42,1.0
2024-10-04 23:45:00,2413.6,1.0
2024-10-04 23:46:00,2413.98,0.9999
2024-10-04 23:47:00,2414.95,0.9999
2024-10-04 23:48:00,2415.23,1.0
2024-10-04 23:49:00,2414.0,0.9999
2024-10-04 23:50:00,2414.36,0.9999
2024-10-04 23:51:00,2416.24,0.9999
2024-10-04 23:52:00,2416.25,0.9999
2024-10-04 23:53:00,2416.65,1.0
2024-10-04 23:54:00,2417.61,1.0
2024-10-04 23:55:00,2416.73,1.0
2024-10-04 23:56:00,2415.65,1.0
2024-10-04 23:57:00,2414.44,0.9999
2024-10-04 23:58:00,2414.41,1.0
2024-10-04 23:59:00,2414.41,0.9999
2024-10-05 00:00:00,2414.41,0.9999
2024-10-05 00:01:00,2414.8,0.9999
2024-10-05 00:02:00,2416.43,1.0
2024-10-05 00:03:00,2417.12,1.0
2024-10-05 00:04:00,2418.66,0.9999
2024-10-05 00:05:00,2420.2,1.0
2024-10-05 00:06:00,2420.6,1.0
2024-10-05 00:07:00,2419.66,1.0
2024-10-05 00:08:00,2420.49,1.0
2024-10-05 00:09:00,2419.0,1.0
2024-10-05 00:10:00,2420.39,0.9999
2024-10-05 00:11:00,2419.75,0.9999
2024-10-05 00:12:00,2417.0,1.0
2024-10-05 00:13:00,2417.65,0.9999
2024-10-05 00:14:00,2415.51,0.9999
2024-10-05 00:15:00,2415.9,1.0
2024-10-05 00:16:00,2415.92,1.0
2024-10-05 00:17:00,2416.09,1.0
2024-10-05 00:18:00,2417.15,1.0
2024-10-05 00:19:00,2415.43,1.0
2024-10-05 00:20:00,2414.47,1.0
2024-10-05 00:21:00,2414.0,0.9999
2024-10-05 00:22:00,2413.26,0.9999
2024-10-05 00:23:00,2413.0,1.0
2024-10-05 00:24:00,2413.2,1.0
2024-10-05 00:25:00,2413.27,1.0
2024-10-05 00:26:00,2414.91,0.9999
2024-10-05 00:27:00,2413.99,0.9999
2024-10-05 00:28:00,2413.8,1.0
2024-10-05 00:29:00,2414.13,1.0
2024-10-05 00:30:00,2415.18,1.0
2024-10-05 00:31:00,2416.6,1.0
2024-10-05 00:32:00,2417.38,0.9999
2024-10-05 00:33:00,2417.64,0.9999
2024-10-05 00:34:00,2417.9,1.0
2024-10-05 00:35:00,2417.9,1.0
2024-10-05 00:36:00,2418.4,1.0
2024-10-05 00:37:00,2417.0,0.9999
2024-10-05 00:38:00,2417.1,1.0
2024-10-05 00:39:00,2418.66,0.9999
2024-10-05 00:40:00,2417.77,0.9999
2024-10-05 00:41:00,2419.1,1.0
2024-10-05 00:42:00,2420.9,1.0
2024-10-05 00:43:00,2420.6,1.0
2024-10-05 00:44:00,2421.13,1.0
2024-10-05 00:45:00,2419.61,1.0
2024-10-05 00:46:00,2419.24,1.0
2024-10-05 00:47:00,2420.67,1.0
2024-10-05 00:48:00,2420.69,0.9999
2024-10-05 00:49:00,2421.12,0.9999
2024-10-05 00:50:00,2420.0,1.0
2024-10-05 00:51:00,2420.37,0.9999
2024-10-05 00:52:00,2420.55,1.0
2024-10-05 00:53:00,2420.67,1.0
2024-10-05 00:54:00,2421.13,0.9999
2024-10-05 00:55:00,2420.95,1.0
2024-10-05 00:56:00,2421.21,0.9999
2024-10-05 00:57:00,2422.8,1.0
2024-10-05 00:58:00,2421.85,1.0
2024-10-05 00:59:00,2424.11,1.0
2024-10-05 01:00:00,2425.16,1.0
2024-10-05 01:01:00,2424.21,1.0
2024-10-05 01:02:00,2424.8,1.0
2024-10-05 01:03:00,2422.68,0.9999
2024-10-05 01:04:00,2422.95,0.9999
2024-10-05 01:05:00,2422.23,1.0
2024-10-05 01:06:00,2423.05,0.9999
2024-10-05 01:07:00,2423.25,1.0
2024-10-05 01:08:00,2423.91,0.9999
2024-10-05 01:09:00,2422.27,0.9999
2024-10-05 01:10:00,2423.28,1.0
2024-10-05 01:11:00,2424.3,1.0
2024-10-05 01:12:00,2426.31,1.0
2024-10-05 01:13:00,2426.91,0.9999
2024-10-05 01:14:00,2425.21,0.9999
2024-10-05 01:15:00,2423.82,0.9999
2024-10-05 01:16:00,2423.33,1.0
2024-10-05 01:17:00,2420.27,1.0
2024-10-05 01:18:00,2420.28,0.9999
2024-10-05 01:19:00,2418.2,0.9999
2024-10-05 01:20:00,2417.65,0.9999
2024-10-05 01:21:00,2417.51,1.0
2024-10-05 01:22:00,2418.09,0.9999
2024-10-05 01:23:00,2418.5,0.9999
2024-10-05 01:24:00,2417.65,1.0
2024-10-05 01:25:00,2419.33,1.0
2024-10-05 01:26:00,2417.81,1.0
2024-10-05 01:27:00,2417.15,1.0
2024-10-05 01:28:00,2416.2,1.0
2024-10-05 01:29:00,2416.26,0.9999
2024-10-05 01:30:00,2416.18,0.9999
2024-10-05 01:31:00,2416.18,1.0
2024-10-05 01:32:00,2418.11,1.0
2024-10-05 01:33:00,2416.8,1.0
2024-10-05 01:34:00,2415.46,0.9999
2024-10-05 01:35:00,2415.19,0.9999
2024-10-05 01:36:00,2415.71,1.0
2024-10-05 01:37:00,2415.65,1.0
2024-10-05 01:38:00,2416.0,0.9999
2024-10-05 01:39:00,2417.87,0.9999
2024-10-05 01:40:00,2418.25,0.9999
2024-10-05 01:41:00,2417.8,0.9999
2024-10-05 01:42:00,2418.09,1.0
2024-10-05 01:43:00,2418.08,1.0
2024-10-05 01:44:00,2418.6,1.0
2024-10-05 01:45:00,2418.31,0.9999
2024-10-05 01:46:00,2418.83,1.0
2024-10-05 01:47:00,2419.66,1.0
2024-10-05 01:48:00,2419.46,1.0
2024-10-05 01:49:00,2418.89,1.0
2024-10-05 01:50:00,2419.0,1.0
2024-10-05 01:51:00,2419.67,0.9999
2024-10-05 01:52:00,2417.53,1.0
2024-10-05 01:53:00,2417.53,1.0
2024-10-05 01:54:00,2416.83,0.9999
2024-10-05 01:55:00,2417.4,1.0
2024-10-05 01:56:00,2415.84,0.9999
2024-10-05 01:57:00,2418.1,1.0
2024-10-05 01:58:00,2417.1,1.0
2024-10-05 01:59:00,2417.78,0.9999
2024-10-05 02:00:00,2417.92,1.0
2024-10-05 02:01:00,2418.06,0.9999
2024-10-05 02:02:00,2418.39,0.9999
2024-10-05 02:03:00,2417.3,1.0
2024-10-05 02:04:00,2415.67,0.9999
2024-10-05 02:05:00,2417.07,0.9999
2024-10-05 02:06:00,2416.63,1.0
2024-10-05 02:07:00,2416.44,1.0
2024-10-05 02:08:00,2415.83,0.9999
2024-10-05 02:09:00,2415.77,0.9999
2024-10-05 02:10:00,2415.21,1.0
2024-10-05 02:11:00,2414.53,0.9999
2024-10-05 02:12:00,2414.0,1.0
2024-10-05 02:13:00,2415.84,0.9999
2024-10-05 02:14:00,2414.92,0.9999
2024-10-05 02:15:00,2414.92,1.0
2024-10-05 02:16:00,2415.3,1.0
2024-10-05 02:17:00,2414.84,1.0
2024-10-05 02:18:00,2416.3,1.0
2024-10-05 02:19:00,2417.01,0.9999
2024-10-05 02:20:00,2417.78,0.9999
2024-10-05 02:21:00,2416.9,1.0
2024-10-05 02:22:00,2415.65,0.9999
2024-10-05 02:23:00,2415.68,1.0
2024-10-05 02:24:00,2415.27,1.0
2024-10-05 02:25:00,2416.18,1.0
2024-10-05 02:26:00,2415.71,0.9999
2024-10-05 02:27:00,2415.65,0.9999
2024-10-05 02:28:00,2416.6,1.0
2024-10-05 02:29:00,2415.21,0.9999
2024-10-05 02:30:00,2414.99,0.9999
2024-10-05 02:31:00,2415.19,1.0
2024-10-05 02:32:00,2416.35,0.9999
2024-10-05 02:33:00,2415.0,1.0
2024-10-05 02:34:00,2415.94,0.9999
2024-10-05 02:35:00,2415.01,1.0
2024-10-05 02:36:00,2414.71,1.0
2024-10-05 02:37:00,2414.63,0.9999
2024-10-05 02:38:00,2413.98,1.0
2024-10-05 02:39:00,2414.88,0.9999
2024-10-05 02:40:00,2413.34,0.9999
2024-10-05 02:41:00,2413.7,1.0
2024-10-05 02:42:00,2413.24,0.9999
2024-10-05 02:43:00,2412.44,0.9999
2024-10-05 02:44:00,2412.43,1.0
2024-10-05 02:45:00,2411.43,0.9999
2024-10-05 02:46:00,2411.62,0.9999
2024-10-05 02:47:00,2410.99,0.9999
2024-10-05 02:48:00,2409.79,1.0
2024-10-05 02:49:00,2409.81,1.0
2024-10-05 02:50:00,2407.8,0.9999
2024-10-05 02:51:00,2405.8,1.0
2024-10-05 02:52:00,2407.0,1.0
2024-10-05 02:53:00,2405.79,0.9999
2024-10-05 02:54:00,2403.2,0.9999
2024-10-05 02:55:00,2403.38,0.9999
2024-10-05 02:56:00,2402.17,1.0
2024-10-05 02:57:00,2402.25,0.9999
2024-10-05 02:58:00,2401.3,0.9999
2024-10-05 02:59:00,2401.78,0.9999
2024-10-05 03:00:00,2401.58,1.0
2024-10-05 03:01:00,2398.98,1.0
2024-10-05 03:02:00,2394.53,1.0
2024-10-05 03:03:00,2390.39,1.0
2024-10-05 03:04:00,2397.38,1.0
2024-10-05 03:05:00,2397.39,0.9999
2024-10-05 03:06:00,2398.79,1.0
2024-10-05 03:07:00,2397.65,1.0
2024-10-05 03:08:00,2396.54,1.0
2024-10-05 03:09:00,2396.29,1.0
2024-10-05 03:10:00,2396.24,1.0
2024-10-05 03:11:00,2398.54,1.0
2024-10-05 03:12:00,2398.03,0.9999
2024-10-05 03:13:00,2398.26,1.0
2024-10-05 03:14:00,2397.84,1.0
2024-10-05 03:15:00,2398.75,0.9999
2024-10-05 03:16:00,2396.77,1.0
2024-10-05 03:17:00,2396.44,1.0
2024-10-05 03:18:00,2399.1,1.0
2024-10-05 03:19:00,2400.33,0.9999
2024-10-05 03:20:00,2400.18,1.0
2024-10-05 03:21:00,2398.98,1.0
2024-10-05 03:22:00,2396.61,0.9999
2024-10-05 03:23:00,2398.54,0.9999
2024-10-05 03:24:00,2397.87,0.9999
2024-10-05 03:25:00,2399.12,1.0
2024-10-05 03:26:00,2396.7,0.9999
2024-10-05 03:27:00,2397.87,1.0
2024-10-05 03:28:00,2399.2,1.0
2024-10-05 03:29:00,2400.31,1.0
2024-10-05 03:30:00,2400.53,1.0
2024-10-05 03:31:00,2401.19,1.0
2024-10-05 03:32:00,2400.01,0.9999
2024-10-05 03:33:00,2399.3,0.9999
2024-10-05 03:34:00,2398.69,1.0
2024-10-05 03:35:00,2398.21,1.0
2024-10-05 03:36:00,2397.54,0.9999
2024-10-05 03:37:00,2397.89,1.0
2024-10-05 03:38:00,2399.59,1.0
2024-10-05 03:39:00,2397.78,1.0
2024-10-05 03:40:00,2398.35,1.0
2024-10-05 03:41:00,2400.0,0.9999
2024-10-05 03:42:00,2399.88,1.0
2024-10-05 03:43:00,2400.56,1.0
2024-10-05 03:44:00,2400.29,1.0
2024-10-05 03:45:00,2400.78,0.9999
2024-10-05 03:46:00,2400.78,1.0
2024-10-05 03:47:00,2399.12,0.9999
2024-10-05 03:48:00,2399.33,1.0
2024-10-05 03:49:00,2400.15,1.0
2024-10-05 03:50:00,2400.39,0.9999
2024-10-05 03:51:00,2400.56,0.9999
2024-10-05 03:52:00,2402.88,1.0
2024-10-05 03:53:00,2403.2,1.0
2024-10-05 03:54:00,2403.49,0.9999
2024-10-05 03:55:00,2403.0,1.0
2024-10-05 03:56:00,2402.24,1.0
2024-10-05 03:57:00,2401.57,1.0
2024-10-05 03:58:00,2401.01,0.9999
2024-10-05 03:59:00,2398.68,0.9999
2024-10-05 04:00:00,2399.61,0.9999
2024-10-05 04:01:00,2400.56,0.9999
2024-10-05 04:02:00,2401.07,1.0
2024-10-05 04:03:00,2402.56,1.0
2024-10-05 04:04:00,2402.4,1.0
2024-10-05 04:05:00,2398.52,1.0
2024-10-05 04:06:00,2399.24,0.9999
2024-10-05 04:07:00,2399.15,1.0
2024-10-05 04:08:00,2398.49,0.9999
2024-10-05 04:09:00,2398.25,0.9999
2024-10-05 04:10:00,2398.99,1.0
2024-10-05 04:11:00,2398.13,0.9999
2024-10-05 04:12:00,2398.68,1.0
2024-10-05 04:13:00,2398.17,1.0
2024-10-05 04:14:00,2398.18,0.9999
2024-10-05 04:15:00,2397.73,1.0
2024-10-05 04:16:00,2397.21,1.0
2024-10-05 04:17:00,2399.24,1.0
2024-10-05 04:18:00,2397.8,0.9999
2024-10-05 04:19:00,2397.55,1.0
2024-10-05 04:20:00,2397.99,1.0
2024-10-05 04:21:00,2401.05,0.9999
2024-10-05 04:22:00,2401.42,1.0
2024-10-05 04:23:00,2402.41,1.0
2024-10-05 04:24:00,2403.34,1.0
2024-10-05 04:25:00,2403.52,1.0
2024-10-05 04:26:00,2403.58,0.9999
2024-10-05 04:27:00,2404.7,1.0
2024-10-05 04:28:00,2404.71,0.9999
2024-10-05 04:29:00,2405.01,0.9999
2024-10-05 04:30:00,2404.41,0.9999
2024-10-05 04:31:00,2404.18,1.0
2024-10-05 04:32:00,2403.39,1.0
2024-10-05 04:33:00,2404.02,1.0
2024-10-05 04:34:00,2404.99,1.0
2024-10-05 04:35:00,2405.21,1.0
2024-10-05 04:36:00,2405.32,0.9999
2024-10-05 04:37:00,2406.84,1.0
2024-10-05 04:38:00,2407.77,1.0
2024-10-05 04:39:00,2407.26,1.0
2024-10-05 04:40:00,2407.25,1.0
2024-10-05 04:41:00,2406.41,1.0
2024-10-05 04:42:00,2407.37,1.0
2024-10-05 04:43:00,2408.68,1.0
2024-10-05 04:44:00,2408.87,1.0
2024-10-05 04:45:00,2409.19,0.9999
2024-10-05 04:46:00,2408.99,1.0
2024-10-05 04:47:00,2408.26,0.9999
2024-10-05 04:48:00,2408.19,1.0
2024-10-05 04:49:00,2406.34,0.9999
2024-10-05 04:50:00,2407.23,0.9999
2024-10-05 04:51:00,2405.4,1.0
2024-10-05 04:52:00,2405.27,1.0
2024-10-05 04:53:00,2405.35,0.9999
2024-10-05 04:54:00,2405.38,1.0
2024-10-05 04:55:00,2405.78,1.0
2024-10-05 04:56:00,2404.61,1.0
2024-10-05 04:57:00,2404.94,1.0
2024-10-05 04:58:00,2405.5,1.0
2024-10-05 04:59:00,2405.5,0.9999
2024-10-05 05:00:00,2405.57,0.9999
2024-10-05 05:01:00,2405.18,1.0
2024-10-05 05:02:00,2406.59,1.0
2024-10-05 05:03:00,2406.97,1.0
2024-10-05 05:04:00,2407.4,1.0
2024-10-05 05:05:00,2406.96,0.9999
2024-10-05 05:06:00,2407.3,0.9999
2024-10-05 05:07:00,2406.61,1.0
2024-10-05 05:08:00,2408.01,1.0
2024-10-05 05:09:00,2407.83,1.0
2024-10-05 05:10:00,2410.41,1.0
2024-10-05 05:11:00,2412.58,1.0
2024-10-05 05:12:00,2413.86,1.0
2024-10-05 05:13:00,2413.43,1.0
2024-10-05 05:14:00,2412.31,0.9999
2024-10-05 05:15:00,2412.1,1.0
2024-10-05 05:16:00,2411.62,0.9999
2024-10-05 05:17:00,2412.36,1.0
2024-10-05 05:18:00,2412.16,1.0
2024-10-05 05:19:00,2412.44,0.9999
2024-10-05 05:20:00,2412.87,0.9999
2024-10-05 05:21:00,2414.19,1.0
2024-10-05 05:22:00,2412.7,1.0
2024-10-05 05:23:00,2412.08,1.0
2024-10-05 05:24:00,2412.06,1.0
2024-10-05 05:25:00,2411.64,0.9999
2024-10-05 05:26:00,2411.99,1.0
2024-10-05 05:27:00,2412.81,1.0
2024-10-05 05:28:00,2412.63,0.9999
2024-10-05 05:29:00,2412.43,1.0
2024-10-05 05:30:00,2413.14,1.0
2024-10-05 05:31:00,2413.97,1.0
2024-10-05 05:32:00,2413.03,0.9999
2024-10-05 05:33:00,2413.22,0.9999
2024-10-05 05:34:00,2414.49,1.0
2024-10-05 05:35:00,2414.64,0.9999
2024-10-05 05:36:00,2415.0,1.0
2024-10-05 05:37:00,2415.47,1.0
2024-10-05 05:38:00,2414.15,1.0
2024-10-05 05:39:00,2413.41,1.0
2024-10-05 05:40:00,2413.61,1.0
2024-10-05 05:41:00,2413.27,0.9999
2024-10-05 05:42:00,2413.27,0.9999
2024-10-05 05:43:00,2413.79,0.9999
2024-10-05 05:44:00,2415.8,1.0
2024-10-05 05:45:00,2415.31,0.9999
2024-10-05 05:46:00,2415.77,1.0
2024-10-05 05:47:00,2416.64,1.0
2024-10-05 05:48:00,2416.64,1.0
2024-10-05 05:49:00,2416.76,1.0
2024-10-05 05:50:00,2417.2,1.0
2024-10-05 05:51:00,2417.29,1.0
2024-10-05 05:52:00,2416.8,0.9999
2024-10-05 05:53:00,2417.03,1.0
2024-10-05 05:54:00,2417.17,1.0
2024-10-05 05:55:00,2417.56,0.9999
2024-10-05 05:56:00,2416.93,0.9999
2024-10-05 05:57:00,2417.13,1.0
2024-10-05 05:58:00,2417.76,1.0
2024-10-05 05:59:00,2417.8,1.0
2024-10-05 06:00:00,2417.95,1.0
2024-10-05 06:01:00,2417.4,1.0
2024-10-05 06:02:00,2416.01,0.9999
2024-10-05 06:03:00,2415.65,1.0
2024-10-05 06:04:00,2416.13,1.0001
2024-10-05 06:05:00,2415.01,1.0001
2024-10-05 06:06:00,2414.27,1.0001
2024-10-05 06:07:00,2414.63,1.0
2024-10-05 06:08:00,2414.33,1.0
2024-10-05 06:09:00,2414.59,1.0
2024-10-05 06:10:00,2414.5,1.0
2024-10-05 06:11:00,2415.22,1.0
2024-10-05 06:12:00,2414.81,1.0001
2024-10-05 06:13:00,2414.75,1.0001
2024-10-05 06:14:00,2413.66,1.0
2024-10-05 06:15:00,2413.75,1.0001
2024-10-05 06:16:00,2415.33,1.0001
2024-10-05 06:17:00,2415.49,1.0
2024-10-05 06:18:00,2415.5,1.0
2024-10-05 06:19:00,2415.97,1.0001
2024-10-05 06:20:00,2416.7,1.0
2024-10-05 06:21:00,2416.98,1.0
2024-10-05 06:22:00,2418.66,1.0
2024-10-05 06:23:00,2417.65,1.0
2024-10-05 06:24:00,2417.79,1.0001
2024-10-05 06:25:00,2417.54,1.0001
2024-10-05 06:26:00,2419.05,1.0
2024-10-05 06:27:00,2419.66,1.0001
2024-10-05 06:28:00,2419.87,1.0001
2024-10-05 06:29:00,2420.67,1.0001
2024-10-05 06:30:00,2420.75,1.0
2024-10-05 06:31:00,2421.07,1.0
2024-10-05 06:32:00,2420.04,1.0
2024-10-05 06:33:00,2420.6,1.0
2024-10-05 06:34:00,2419.67,1.0001
2024-10-05 06:35:00,2420.02,1.0
2024-10-05 06:36:00,2419.69,1.0
2024-10-05 06:37:00,2421.99,1.0001
2024-10-05 06:38:00,2422.37,1.0
2024-10-05 06:39:00,2421.68,1.0
2024-10-05 06:40:00,2422.56,1.0001
2024-10-05 06:41:00,2421.8,1.0001
2024-10-05 06:42:00,2420.68,1.0
2024-10-05 06:43:00,2421.79,1.0
2024-10-05 06:44:00,2421.79,1.0001
2024-10-05 06:45:00,2421.79,1.0001
2024-10-05 06:46:00,2423.02,1.0001
2024-10-05 06:47:00,2422.69,1.0
2024-10-05 06:48:00,2423.26,1.0001
2024-10-05 06:49:00,2424.44,1.0001
2024-10-05 06:50:00,2424.51,1.0001
2024-10-05 06:51:00,2425.0,1.0001
2024-10-05 06:52:00,2424.52,1.0
2024-10-05 06:53:00,2424.51,0.9999
2024-10-05 06:54:00,2425.21,1.0
2024-10-05 06:55:00,2426.6,1.0
2024-10-05 06:56:00,2426.6,1.0
2024-10-05 06:57:00,2425.0,1.0
2024-10-05 06:58:00,2424.0,0.9999
2024-10-05 06:59:00,2424.69,1.0
2024-10-05 07:00:00,2424.28,1.0
2024-10-05 07:01:00,2425.7,1.0
2024-10-05 07:02:00,2425.38,1.0
2024-10-05 07:03:00,2425.5,1.0
2024-10-05 07:04:00,2424.36,1.0
2024-10-05 07:05:00,2423.13,0.9999
2024-10-05 07:06:00,2422.69,1.0
2024-10-05 07:07:00,2422.26,0.9999
2024-10-05 07:08:00,2421.89,1.0
2024-10-05 07:09:00,2421.8,0.9999
2024-10-05 07:10:00,2421.12,1.0
2024-10-05 07:11:00,2420.93,0.9999
2024-10-05 07:12:00,2420.81,0.9999
2024-10-05 07:13:00,2421.48,1.0
2024-10-05 07:14:00,2422.26,1.0
2024-10-05 07:15:00,2421.04,1.0
2024-10-05 07:16:00,2422.82,1.0
2024-10-05 07:17:00,2422.3,1.0
2024-10-05 07:18:00,2424.41,1.0
2024-10-05 07:19:00,2424.59,0.9999
2024-10-05 07:20:00,2424.6,0.9999
2024-10-05 07:21:00,2423.54,0.9999
2024-10-05 07:22:00,2423.52,1.0
2024-10-05 07:23:00,2422.21,1.0
2024-10-05 07:24:00,2421.17,0.9999
2024-10-05 07:25:00,2421.12,0.9999
2024-10-05 07:26:00,2419.59,0.9999
2024-10-05 07:27:00,2419.46,1.0
2024-10-05 07:28:00,2418.39,1.0
2024-10-05 07:29:00,2418.96,1.0
2024-10-05 07:30:00,2418.86,0.9999
2024-10-05 07:31:00,2419.18,1.0
2024-10-05 07:32:00,2419.82,1.0
2024-10-05 07:33:00,2419.96,1.0
2024-10-05 07:34:00,2419.99,1.0
2024-10-05 07:35:00,2420.6,1.0
2024-10-05 07:36:00,2420.39,0.9999
2024-10-05 07:37:00,2421.39,1.0
2024-10-05 07:38:00,2421.39,1.0
2024-10-05 07:39:00,2421.59,1.0
2024-10-05 07:40:00,2421.08,0.9999
2024-10-05 07:41:00,2421.59,1.0
2024-10-05 07:42:00,2421.18,1.0
2024-10-05 07:43:00,2420.69,0.9999
2024-10-05 07:44:00,2420.69,1.0
2024-10-05 07:45:00,2420.59,1.0
2024-10-05 07:46:00,2420.66,0.9999
2024-10-05 07:47:00,2421.0,1.0
2024-10-05 07:48:00,2420.1,0.9999
2024-10-05 07:49:00,2418.79,1.0
2024-10-05 07:50:00,2418.64,1.0
2024-10-05 07:51:00,2418.99,1.0
2024-10-05 07:52:00,2418.45,1.0
2024-10-05 07:53:00,2417.25,0.9999
2024-10-05 07:54:00,2417.89,0.9999
2024-10-05 07:55:00,2417.1,0.9999
2024-10-05 07:56:00,2417.27,1.0
2024-10-05 07:57:00,2416.0,1.0
2024-10-05 07:58:00,2416.4,1.0
2024-10-05 07:59:00,2416.5,1.0
2024-10-05 08:00:00,2415.11,0.9999
2024-10-05 08:01:00,2415.81,1.0
2024-10-05 08:02:00,2416.03,0.9999
2024-10-05 08:03:00,2416.9,1.0
2024-10-05 08:04:00,2417.49,1.0
2024-10-05 08:05:00,2417.73,0.9999
2024-10-05 08:06:00,2417.39,1.0
2024-10-05 08:07:00,2417.46,1.0
2024-10-05 08:08:00,2418.2,1.0
2024-10-05 08:09:00,2418.72,1.0
2024-10-05 08:10:00,2418.72,1.0
2024-10-05 08:11:00,2417.99,0.9999
2024-10-05 08:12:00,2417.8,1.0
2024-10-05 08:13:00,2417.87,1.0
2024-10-05 08:14:00,2417.01,1.0
2024-10-05 08:15:00,2418.4,1.0
2024-10-05 08:16:00,2418.05,1.0
2024-10-05 08:17:00,2418.36,1.0
2024-10-05 08:18:00,2420.0,1.0
2024-10-05 08:19:00,2419.83,0.9999
2024-10-05 08:20:00,2419.66,1.0
2024-10-05 08:21:00,2420.4,1.0
2024-10-05 08:22:00,2420.52,1.0
2024-10-05 08:23:00,2420.71,1.0
2024-10-05 08:24:00,2421.0,1.0
2024-10-05 08:25:00,2421.35,1.0
2024-10-05 08:26:00,2421.35,1.0
2024-10-05 08:27:00,2421.2,1.0
2024-10-05 08:28:00,2420.43,0.9999
2024-10-05 08:29:00,2419.71,0.9999
2024-10-05 08:30:00,2419.72,1.0
2024-10-05 08:31:00,2420.4,1.0
2024-10-05 08:32:00,2420.48,1.0
2024-10-05 08:33:00,2420.02,1.0
2024-10-05 08:34:00,2420.48,0.9999
2024-10-05 08:35:00,2420.99,1.0
2024-10-05 08:36:00,2420.24,1.0
2024-10-05 08:37:00,2418.13,1.0
2024-10-05 08:38:00,2418.01,0.9999
2024-10-05 08:39:00,2416.79,1.0
2024-10-05 08:40:00,2416.64,0.9999
2024-10-05 08:41:00,2417.21,0.9999
2024-10-05 08:42:00,2416.65,0.9999
2024-10-05 08:43:00,2416.09,1.0
2024-10-05 08:44:00,2416.23,1.0
2024-10-05 08:45:00,2416.24,1.0
2024-10-05 08:46:00,2416.65,0.9999
2024-10-05 08:47:00,2416.78,1.0
2024-10-05 08:48:00,2417.49,0.9999
2024-10-05 08:49:00,2417.4,0.9999
2024-10-05 08:50:00,2418.66,1.0
2024-10-05 08:51:00,2418.87,0.9999
2024-10-05 08:52:00,2418.65,0.9999
2024-10-05 08:53:00,2419.3,1.0
2024-10-05 08:54:00,2419.3,1.0
2024-10-05 08:55:00,2419.31,0.9999
2024-10-05 08:56:00,2419.01,1.0
2024-10-05 08:57:00,2418.68,1.0
2024-10-05 08:58:00,2418.28,1.0
2024-10-05 08:59:00,2419.22,1.0
2024-10-05 09:00:00,2419.67,1.0
2024-10-05 09:01:00,2419.69,1.0
2024-10-05 09:02:00,2419.31,1.0
2024-10-05 09:03:00,2419.31,0.9999
2024-10-05 09:04:00,2418.98,0.9999
2024-10-05 09:05:00,2419.88,1.0
2024-10-05 09:06:00,2420.68,1.0
2024-10-05 09:07:00,2421.41,1.0
2024-10-05 09:08:00,2422.98,1.0
2024-10-05 09:09:00,2423.26,0.9999
2024-10-05 09:10:00,2422.83,1.0
2024-10-05 09:11:00,2423.22,0.9999
2024-10-05 09:12:00,2422.94,1.0
2024-10-05 09:13:00,2422.44,0.9999
2024-10-05 09:14:00,2423.39,1.0
2024-10-05 09:15:00,2422.91,1.0
2024-10-05 09:16:00,2422.96,1.0
2024-10-05 09:17:00,2423.81,1.0
2024-10-05 09:18:00,2423.53,1.0
2024-10-05 09:19:00,2421.73,0.9999
2024-10-05 09:20:00,2421.19,0.9999
2024-10-05 09:21:00,2420.96,1.0
2024-10-05 09:22:00,2422.28,0.9999
2024-10-05 09:23:00,2421.82,1.0
2024-10-05 09:24:00,2423.66,1.0
2024-10-05 09:25:00,2421.87,1.0
2024-10-05 09:26:00,2422.47,1.0
2024-10-05 09:27:00,2422.01,1.0
2024-10-05 09:28:00,2421.2,1.0
2024-10-05 09:29:00,2421.24,1.0
2024-10-05 09:30:00,2420.01,1.0
2024-10-05 09:31:00,2419.88,0.9999
2024-10-05 09:32:00,2420.31,1.0
2024-10-05 09:33:00,2419.41,1.0
2024-10-05 09:34:00,2420.01,0.9999
2024-10-05 09:35:00,2419.67,1.0
2024-10-05 09:36:00,2421.12,1.0
2024-10-05 09:37:00,2422.65,1.0
2024-10-05 09:38:00,2422.21,1.0
2024-10-05 09:39:00,2423.0,1.0
2024-10-05 09:40:00,2423.22,1.0
2024-10-05 09:41:00,2423.14,1.0
2024-10-05 09:42:00,2423.04,1.0
2024-10-05 09:43:00,2423.66,1.0
2024-10-05 09:44:00,2424.99,0.9999
2024-10-05 09:45:00,2425.0,1.0
2024-10-05 09:46:00,2426.15,1.0
2024-10-05 09:47:00,2427.37,1.0
2024-10-05 09:48:00,2427.0,1.0
2024-10-05 09:49:00,2425.4,1.0
2024-10-05 09:50:00,2425.78,1.0
2024-10-05 09:51:00,2425.28,0.9999
2024-10-05 09:52:00,2424.8,0.9999
2024-10-05 09:53:00,2423.81,1.0
2024-10-05 09:54:00,2423.52,1.0
2024-10-05 09:55:00,2424.0,0.9999
2024-10-05 09:56:00,2424.69,0.9999
2024-10-05 09:57:00,2424.28,1.0
2024-10-05 09:58:00,2423.81,1.0
2024-10-05 09:59:00,2425.86,1.0
2024-10-05 10:00:00,2425.12,1.0
2024-10-05 10:01:00,2424.24,1.0
2024-10-05 10:02:00,2424.25,0.9999
2024-10-05 10:03:00,2425.09,1.0
2024-10-05 10:04:00,2424.21,1.0
2024-10-05 10:05:00,2424.46,1.0
2024-10-05 10:06:00,2423.21,0.9999
2024-10-05 10:07:00,2424.13,1.0
2024-10-05 10:08:00,2425.61,1.0
2024-10-05 10:09:00,2425.95,0.9999
2024-10-05 10:10:00,2426.6,1.0
2024-10-05 10:11:00,2426.77,1.0
2024-10-05 10:12:00,2426.85,1.0
2024-10-05 10:13:00,2426.04,1.0
2024-10-05 10:14:00,2425.0,1.0
2024-10-05 10:15:00,2425.07,1.0
2024-10-05 10:16:00,2425.07,1.0
2024-10-05 10:17:00,2424.82,1.0
2024-10-05 10:18:00,2424.2,0.9999
2024-10-05 10:19:00,2423.97,1.0
2024-10-05 10:20:00,2424.15,0.9999
2024-10-05 10:21:00,2423.61,1.0
2024-10-05 10:22:00,2423.05,1.0
2024-10-05 10:23:00,2423.2,0.9999
2024-10-05 10:24:00,2422.3,0.9999
2024-10-05 10:25:00,2422.7,0.9999
2024-10-05 10:26:00,2422.74,1.0
2024-10-05 10:27:00,2423.07,1.0
2024-10-05 10:28:00,2423.02,0.9999
2024-10-05 10:29:00,2423.25,1.0
2024-10-05 10:30:00,2423.66,1.0
2024-10-05 10:31:00,2423.66,1.0
2024-10-05 10:32:00,2422.43,1.0
2024-10-05 10:33:00,2420.94,0.9999
2024-10-05 10:34:00,2422.21,0.9999
2024-10-05 10:35:00,2421.86,1.0
2024-10-05 10:36:00,2420.91,1.0
2024-10-05 10:37:00,2421.68,1.0
2024-10-05 10:38:00,2422.35,1.0
2024-10-05 10:39:00,2423.19,1.0
2024-10-05 10:40:00,2423.19,1.0
2024-10-05 10:41:00,2422.48,1.0
2024-10-05 10:42:00,2423.1,0.9999
2024-10-05 10:43:00,2422.7,1.0
2024-10-05 10:44:00,2422.39,0.9999
2024-10-05 10:45:00,2423.01,1.0
2024-10-05 10:46:00,2423.01,0.9999
2024-10-05 10:47:00,2423.2,0.9999
2024-10-05 10:48:00,2422.51,1.0
2024-10-05 10:49:00,2421.01,1.0
2024-10-05 10:50:00,2420.47,1.0
2024-10-05 10:51:00,2420.88,1.0
2024-10-05 10:52:00,2420.06,1.0
2024-10-05 10:53:00,2420.02,1.0
2024-10-05 10:54:00,2419.81,1.0
2024-10-05 10:55:00,2419.26,1.0
2024-10-05 10:56:00,2419.25,1.0
2024-10-05 10:57:00,2419.22,1.0
2024-10-05 10:58:00,2417.35,1.0
2024-10-05 10:59:00,2418.44,0.9999
2024-10-05 11:00:00,2419.22,1.0
2024-10-05 11:01:00,2418.35,1.0
2024-10-05 11:02:00,2418.59,1.0
2024-10-05 11:03:00,2419.29,0.9999
2024-10-05 11:04:00,2420.67,0.9999
2024-10-05 11:05:00,2420.9,1.0
2024-10-05 11:06:00,2420.21,1.0
2024-10-05 11:07:00,2420.31,1.0
2024-10-05 11:08:00,2420.52,1.0
2024-10-05 11:09:00,2421.87,1.0
2024-10-05 11:10:00,2422.12,0.9999
2024-10-05 11:11:00,2422.24,1.0
2024-10-05 11:12:00,2421.23,1.0
2024-10-05 11:13:00,2420.93,1.0
2024-10-05 11:14:00,2421.22,1.0
2024-10-05 11:15:00,2421.07,1.0
2024-10-05 11:16:00,2420.0,1.0
2024-10-05 11:17:00,2419.77,1.0
2024-10-05 11:18:00,2418.65,1.0
2024-10-05 11:19:00,2417.76,0.9999
2024-10-05 11:20:00,2417.62,0.9999
2024-10-05 11:21:00,2418.13,1.0
2024-10-05 11:22:00,2418.37,0.9999
2024-10-05 11:23:00,2418.53,1.0
2024-10-05 11:24:00,2417.91,1.0
2024-10-05 11:25:00,2418.57,1.0
2024-10-05 11:26:00,2418.57,0.9999
2024-10-05 11:27:00,2417.8,1.0
2024-10-05 11:28:00,2418.26,1.0
2024-10-05 11:29:00,2418.32,0.9999
2024-10-05 11:30:00,2417.9,1.0
2024-10-05 11:31:00,2417.53,1.0
2024-10-05 11:32:00,2417.63,1.0
2024-10-05 11:33:00,2418.2,0.9999
2024-10-05 11:34:00,2418.49,1.0
2024-10-05 11:35:00,2418.5,0.9999
2024-10-05 11:36:00,2418.51,1.0
2024-10-05 11:37:00,2418.87,0.9999
2024-10-05 11:38:00,2419.3,1.0
2024-10-05 11:39:00,2418.36,1.0
2024-10-05 11:40:00,2417.87,1.0
2024-10-05 11:41:00,2417.69,0.9999
2024-10-05 11:42:00,2417.36,0.9999
2024-10-05 11:43:00,2418.0,0.9999
2024-10-05 11:44:00,2417.46,0.9999
2024-10-05 11:45:00,2417.46,1.0
2024-10-05 11:46:00,2417.44,0.9999
2024-10-05 11:47:00,2417.36,0.9999
2024-10-05 11:48:00,2417.46,1.0
2024-10-05 11:49:00,2417.59,1.0
2024-10-05 11:50:00,2417.6,1.0
2024-10-05 11:51:00,2417.59,1.0
2024-10-05 11:52:00,2417.17,0.9999
2024-10-05 11:53:00,2417.76,1.0
2024-10-05 11:54:00,2417.98,1.0
2024-10-05 11:55:00,2418.13,0.9999
2024-10-05 11:56:00,2418.14,1.0
2024-10-05 11:57:00,2417.29,0.9999
2024-10-05 11:58:00,2417.38,0.9999
2024-10-05 11:59:00,2417.0,1.0
2024-10-05 12:00:00,2417.19,0.9999
2024-10-05 12:01:00,2418.71,0.9999
2024-10-05 12:02:00,2419.32,1.0
2024-10-05 12:03:00,2419.76,0.9999
2024-10-05 12:04:00,2419.76,1.0
2024-10-05 12:05:00,2420.34,0.9999
2024-10-05 12:06:00,2420.8,1.0
2024-10-05 12:07:00,2420.79,1.0
2024-10-05 12:08:00,2420.8,1.0
2024-10-05 12:09:00,2420.28,1.0
2024-10-05 12:10:00,2418.49,1.0
2024-10-05 12:11:00,2418.79,1.0
2024-10-05 12:12:00,2419.53,0.9999
2024-10-05 12:13:00,2419.53,0.9999
2024-10-05 12:14:00,2419.13,1.0
2024-10-05 12:15:00,2418.34,1.0
2024-10-05 12:16:00,2417.78,1.0
2024-10-05 12:17:00,2418.19,1.0
2024-10-05 12:18:00,2417.29,0.9999
2024-10-05 12:19:00,2417.49,1.0
2024-10-05 12:20:00,2418.87,1.0
2024-10-05 12:21:00,2419.53,1.0
2024-10-05 12:22:00,2418.97,0.9999
2024-10-05 12:23:00,2418.58,1.0
2024-10-05 12:24:00,2419.3,1.0
2024-10-05 12:25:00,2417.82,1.0
2024-10-05 12:26:00,2418.22,1.0
2024-10-05 12:27:00,2418.32,1.0
2024-10-05 12:28:00,2419.12,0.9999
2024-10-05 12:29:00,2418.95,1.0
2024-10-05 12:30:00,2418.97,1.0
2024-10-05 12:31:00,2419.85,1.0
2024-10-05 12:32:00,2420.68,0.9999
2024-10-05 12:33:00,2420.6,1.0
2024-10-05 12:34:00,2420.86,1.0
2024-10-05 12:35:00,2421.4,0.9999
2024-10-05 12:36:00,2421.46,1.0
2024-10-05 12:37:00,2420.83,0.9999
2024-10-05 12:38:00,2420.02,0.9999
2024-10-05 12:39:00,2420.39,0.9999
2024-10-05 12:40:00,2420.39,1.0
2024-10-05 12:41:00,2419.77,0.9999
2024-10-05 12:42:00,2420.4,1.0
2024-10-05 12:43:00,2420.28,0.9999
2024-10-05 12:44:00,2419.59,0.9999
2024-10-05 12:45:00,2419.66,1.0
2024-10-05 12:46:00,2418.87,0.9999
2024-10-05 12:47:00,2419.3,0.9999
2024-10-05 12:48:00,2419.09,0.9999
2024-10-05 12:49:00,2419.25,1.0
2024-10-05 12:50:00,2420.67,1.0
2024-10-05 12:51:00,2420.4,0.9999
2024-10-05 12:52:00,2421.09,0.9999
2024-10-05 12:53:00,2420.91,0.9999
2024-10-05 12:54:00,2421.0,0.9999
2024-10-05 12:55:00,2420.99,0.9999
2024-10-05 12:56:00,2420.99,1.0
2024-10-05 12:57:00,2420.34,1.0
2024-10-05 12:58:00,2421.89,0.9999
2024-10-05 12:59:00,2422.1,1.0
2024-10-05 13:00:00,2422.79,1.0
2024-10-05 13:01:00,2422.79,0.9999
2024-10-05 13:02:00,2421.73,0.9999
2024-10-05 13:03:00,2421.25,0.9999
2024-10-05 13:04:00,2420.9,0.9999
2024-10-05 13:05:00,2420.69,0.9999
2024-10-05 13:06:00,2419.79,0.9999
2024-10-05 13:07:00,2420.98,0.9999
2024-10-05 13:08:00,2420.42,1.0
2024-10-05 13:09:00,2422.2,1.0
2024-10-05 13:10:00,2422.21,1.0
2024-10-05 13:11:00,2421.0,0.9999
2024-10-05 13:12:00,2421.45,0.9999
2024-10-05 13:13:00,2423.51,1.0
2024-10-05 13:14:00,2423.48,1.0
2024-10-05 13:15:00,2423.14,0.9999
2024-10-05 13:16:00,2423.21,0.9999
2024-10-05 13:17:00,2423.88,1.0
2024-10-05 13:18:00,2423.03,1.0
2024-10-05 13:19:00,2421.88,0.9999
2024-10-05 13:20:00,2421.01,0.9999
2024-10-05 13:21:00,2421.13,0.9999
2024-10-05 13:22:00,2421.13,0.9999
2024-10-05 13:23:00,2419.85,0.9999
2024-10-05 13:24:00,2419.71,0.9999
2024-10-05 13:25:00,2419.74,1.0
2024-10-05 13:26:00,2419.55,1.0
2024-10-05 13:27:00,2419.77,1.0
2024-10-05 13:28:00,2420.29,0.9999
2024-10-05 13:29:00,2418.4,0.9999
2024-10-05 13:30:00,2417.83,1.0
2024-10-05 13:31:00,2417.21,1.0
2024-10-05 13:32:00,2418.37,1.0
2024-10-05 13:33:00,2418.33,1.0
2024-10-05 13:34:00,2418.19,1.0
2024-10-05 13:35:00,2417.67,0.9999
2024-10-05 13:36:00,2418.14,0.9999
2024-10-05 13:37:00,2418.66,0.9999
2024-10-05 13:38:00,2417.8,1.0
2024-10-05 13:39:00,2418.34,0.9999
2024-10-05 13:40:00,2417.49,0.9999
2024-10-05 13:41:00,2417.73,0.9999
2024-10-05 13:42:00,2413.73,1.0
2024-10-05 13:43:00,2412.6,0.9999
2024-10-05 13:44:00,2412.41,1.0
2024-10-05 13:45:00,2413.32,1.0
2024-10-05 13:46:00,2411.27,0.9999
2024-10-05 13:47:00,2411.2,0.9999
2024-10-05 13:48:00,2411.29,1.0
2024-10-05 13:49:00,2410.82,1.0
2024-10-05 13:50:00,2410.18,1.0
2024-10-05 13:51:00,2410.27,0.9999
2024-10-05 13:52:00,2410.99,0.9999
2024-10-05 13:53:00,2411.87,1.0
2024-10-05 13:54:00,2412.44,1.0
2024-10-05 13:55:00,2412.04,1.0
2024-10-05 13:56:00,2410.24,1.0
2024-10-05 13:57:00,2410.69,1.0
2024-10-05 13:58:00,2411.31,1.0
2024-10-05 13:59:00,2410.89,1.0
2024-10-05 14:00:00,2409.91,1.0
2024-10-05 14:01:00,2410.12,1.0
2024-10-05 14:02:00,2410.6,1.0
2024-10-05 14:03:00,2410.75,1.0
2024-10-05 14:04:00,2411.35,1.0
2024-10-05 14:05:00,2413.44,1.0
2024-10-05 14:06:00,2414.33,0.9999
2024-10-05 14:07:00,2411.1,1.0
2024-10-05 14:08:00,2409.64,0.9999
2024-10-05 14:09:00,2407.34,0.9999
2024-10-05 14:10:00,2407.69,1.0
2024-10-05 14:11:00,2406.74,0.9999
2024-10-05 14:12:00,2407.01,1.0
2024-10-05 14:13:00,2406.6,1.0
2024-10-05 14:14:00,2406.16,0.9999
2024-10-05 14:15:00,2406.61,1.0
2024-10-05 14:16:00,2405.11,1.0
2024-10-05 14:17:00,2409.8,1.0
2024-10-05 14:18:00,2408.61,0.9999
2024-10-05 14:19:00,2408.95,0.9999
2024-10-05 14:20:00,2408.53,1.0
2024-10-05 14:21:00,2410.81,0.9999
2024-10-05 14:22:00,2411.15,0.9999
2024-10-05 14:23:00,2411.62,1.0
2024-10-05 14:24:00,2411.09,1.0
2024-10-05 14:25:00,2410.01,0.9999
2024-10-05 14:26:00,2410.62,0.9999
2024-10-05 14:27:00,2411.32,0.9999
2024-10-05 14:28:00,2410.72,1.0
2024-10-05 14:29:00,2410.62,1.0
2024-10-05 14:30:00,2410.01,0.9999
2024-10-05 14:31:00,2410.73,1.0
2024-10-05 14:32:00,2411.53,1.0
2024-10-05 14:33:00,2409.86,0.9999
2024-10-05 14:34:00,2410.84,1.0
2024-10-05 14:35:00,2408.56,1.0
2024-10-05 14:36:00,2409.71,0.9999
2024-10-05 14:37:00,2409.96,1.0
2024-10-05 14:38:00,2410.0,1.0
2024-10-05 14:39:00,2410.83,1.0
2024-10-05 14:40:00,2410.24,1.0
2024-10-05 14:41:00,2411.31,0.9999
2024-10-05 14:42:00,2411.32,0.9999
2024-10-05 14:43:00,2412.77,1.0
2024-10-05 14:44:00,2413.91,0.9999
2024-10-05 14:45:00,2414.87,0.9999
2024-10-05 14:46:00,2415.57,1.0
2024-10-05 14:47:00,2418.3,1.0
2024-10-05 14:48:00,2416.5,1.0
2024-10-05 14:49:00,2417.72,1.0
2024-10-05 14:50:00,2417.25,1.0
2024-10-05 14:51:00,2416.22,0.9999
2024-10-05 14:52:00,2416.99,1.0
2024-10-05 14:53:00,2415.81,1.0
2024-10-05 14:54:00,2415.4,0.9999
2024-10-05 14:55:00,2415.21,1.0
2024-10-05 14:56:00,2415.06,1.0
2024-10-05 14:57:00,2415.33,0.9999
2024-10-05 14:58:00,2414.92,1.0
2024-10-05 14:59:00,2414.18,1.0
2024-10-05 15:00:00,2414.47,1.0
2024-10-05 15:01:00,2415.99,1.0
2024-10-05 15:02:00,2415.21,0.9999
2024-10-05 15:03:00,2413.31,0.9999
2024-10-05 15:04:00,2410.11,0.9999
2024-10-05 15:05:00,2411.86,1.0
2024-10-05 15:06:00,2412.02,1.0
2024-10-05 15:07:00,2411.8,0.9999
2024-10-05 15:08:00,2411.9,0.9999
2024-10-05 15:09:00,2410.76,1.0
2024-10-05 15:10:00,2408.7,1.0
2024-10-05 15:11:00,2409.09,0.9999
2024-10-05 15:12:00,2407.05,1.0
2024-10-05 15:13:00,2407.35,1.0
2024-10-05 15:14:00,2407.01,0.9999
2024-10-05 15:15:00,2406.84,1.0
2024-10-05 15:16:00,2407.14,1.0
2024-10-05 15:17:00,2408.65,0.9999
2024-10-05 15:18:00,2409.23,0.9999
2024-10-05 15:19:00,2410.23,0.9999
2024-10-05 15:20:00,2409.61,1.0
2024-10-05 15:21:00,2410.71,0.9999
2024-10-05 15:22:00,2411.2,1.0
2024-10-05 15:23:00,2410.19,1.0
2024-10-05 15:24:00,2410.1,0.9999
2024-10-05 15:25:00,2412.47,0.9999
2024-10-05 15:26:00,2412.62,0.9999
2024-10-05 15:27:00,2412.01,1.0
2024-10-05 15:28:00,2412.78,1.0
2024-10-05 15:29:00,2412.63,0.9999
2024-10-05 15:30:00,2412.02,1.0
2024-10-05 15:31:00,2411.12,0.9999
2024-10-05 15:32:00,2410.94,0.9999
2024-10-05 15:33:00,2411.6,0.9999
2024-10-05 15:34:00,2411.2,1.0
2024-10-05 15:35:00,2411.01,0.9999
2024-10-05 15:36:00,2411.24,0.9999
2024-10-05 15:37:00,2412.85,1.0
2024-10-05 15:38:00,2411.31,1.0
2024-10-05 15:39:00,2412.04,0.9999
2024-10-05 15:40:00,2412.11,1.0
2024-10-05 15:41:00,2411.6,1.0
2024-10-05 15:42:00,2412.63,1.0
2024-10-05 15:43:00,2413.21,0.9999
2024-10-05 15:44:00,2413.01,0.9999
2024-10-05 15:45:00,2413.0,1.0
2024-10-05 15:46:00,2413.69,0.9999
2024-10-05 15:47:00,2412.12,1.0
2024-10-05 15:48:00,2413.98,0.9999
2024-10-05 15:49:00,2414.51,1.0
2024-10-05 15:50:00,2415.76,0.9999
2024-10-05 15:51:00,2416.08,0.9999
2024-10-05 15:52:00,2416.78,0.9999
2024-10-05 15:53:00,2416.51,0.9999
2024-10-05 15:54:00,2416.51,1.0
2024-10-05 15:55:00,2415.93,0.9999
2024-10-05 15:56:00,2414.95,1.0
2024-10-05 15:57:00,2414.95,0.9999
2024-10-05 15:58:00,2416.0,0.9999
2024-10-05 15:59:00,2415.29,1.0
2024-10-05 16:00:00,2415.01,1.0
2024-10-05 16:01:00,2415.64,1.0
2024-10-05 16:02:00,2415.83,1.0
2024-10-05 16:03:00,2414.98,0.9999
2024-10-05 16:04:00,2414.63,1.0
2024-10-05 16:05:00,2413.49,1.0
2024-10-05 16:06:00,2412.81,0.9999
2024-10-05 16:07:00,2412.05,0.9999
2024-10-05 16:08:00,2410.68,0.9999
2024-10-05 16:09:00,2409.82,0.9999
2024-10-05 16:10:00,2410.88,0.9999
2024-10-05 16:11:00,2410.62,0.9999
2024-10-05 16:12:00,2410.36,0.9999
2024-10-05 16:13:00,2410.16,0.9999
2024-10-05 16:14:00,2409.63,1.0
2024-10-05 16:15:00,2408.55,1.0
2024-10-05 16:16:00,2406.99,1.0
2024-10-05 16:17:00,2408.11,0.9999
2024-10-05 16:18:00,2408.49,0.9999
2024-10-05 16:19:00,2410.95,1.0
2024-10-05 16:20:00,2410.29,1.0
2024-10-05 16:21:00,2412.62,1.0
2024-10-05 16:22:00,2411.58,0.9999
2024-10-05 16:23:00,2412.46,0.9999
2024-10-05 16:24:00,2411.41,0.9999
2024-10-05 16:25:00,2413.07,0.9999
2024-10-05 16:26:00,2414.8,1.0
2024-10-05 16:27:00,2413.71,0.9999
2024-10-05 16:28:00,2413.07,0.9999
2024-10-05 16:29:00,2413.17,0.9999
2024-10-05 16:30:00,2413.84,1.0
2024-10-05 16:31:00,2413.0,0.9999
2024-10-05 16:32:00,2413.01,1.0
2024-10-05 16:33:00,2412.88,1.0
2024-10-05 16:34:00,2411.31,0.9999
2024-10-05 16:35:00,2411.24,0.9999
2024-10-05 16:36:00,2411.62,1.0
2024-10-05 16:37:00,2409.24,1.0
2024-10-05 16:38:00,2408.84,0.9999
2024-10-05 16:39:00,2409.49,1.0
2024-10-05 16:40:00,2409.21,0.9999
2024-10-05 16:41:00,2407.74,0.9999
2024-10-05 16:42:00,2408.24,0.9999
2024-10-05 16:43:00,2408.6,0.9999
2024-10-05 16:44:00,2409.79,0.9999
2024-10-05 16:45:00,2408.81,1.0
2024-10-05 16:46:00,2409.15,1.0
2024-10-05 16:47:00,2408.67,0.9999
2024-10-05 16:48:00,2410.1,1.0
2024-10-05 16:49:00,2408.98,0.9999
2024-10-05 16:50:00,2408.0,1.0
2024-10-05 16:51:00,2408.0,1.0
2024-10-05 16:52:00,2407.6,1.0
2024-10-05 16:53:00,2409.1,1.0
2024-10-05 16:54:00,2408.85,1.0
2024-10-05 16:55:00,2406.41,1.0
2024-10-05 16:56:00,2406.13,0.9999
2024-10-05 16:57:00,2406.68,0.9999
2024-10-05 16:58:00,2406.41,1.0
2024-10-05 16:59:00,2406.0,0.9999
2024-10-05 17:00:00,2404.83,1.0
2024-10-05 17:01:00,2405.8,1.0
2024-10-05 17:02:00,2406.6,0.9999
2024-10-05 17:03:00,2404.14,1.0
2024-10-05 17:04:00,2404.1,0.9999
2024-10-05 17:05:00,2406.25,1.0
2024-10-05 17:06:00,2407.06,1.0
2024-10-05 17:07:00,2405.82,1.0
2024-10-05 17:08:00,2405.0,1.0
2024-10-05 17:09:00,2405.28,0.9999
2024-10-05 17:10:00,2402.7,1.0
2024-10-05 17:11:00,2405.0,0.9999
2024-10-05 17:12:00,2404.87,1.0
2024-10-05 17:13:00,2405.99,1.0
2024-10-05 17:14:00,2405.0,1.0
2024-10-05 17:15:00,2404.98,1.0
2024-10-05 17:16:00,2405.49,1.0
2024-10-05 17:17:00,2406.81,0.9999
2024-10-05 17:18:00,2405.71,1.0
2024-10-05 17:19:00,2405.81,1.0
2024-10-05 17:20:00,2406.2,0.9999
2024-10-05 17:21:00,2406.06,0.9999
2024-10-05 17:22:00,2406.5,1.0
2024-10-05 17:23:00,2408.49,1.0
2024-10-05 17:24:00,2408.11,1.0
2024-10-05 17:25:00,2406.99,1.0
2024-10-05 17:26:00,2407.59,0.9999
2024-10-05 17:27:00,2407.06,1.0
2024-10-05 17:28:00,2406.2,1.0
2024-10-05 17:29:00,2405.55,0.9999
2024-10-05 17:30:00,2405.61,1.0
2024-10-05 17:31:00,2406.92,0.9999
2024-10-05 17:32:00,2407.07,0.9999
2024-10-05 17:33:00,2407.45,0.9999
2024-10-05 17:34:00,2409.1,0.9999
2024-10-05 17:35:00,2409.57,1.0
2024-10-05 17:36:00,2410.38,0.9999
2024-10-05 17:37:00,2409.83,0.9999
2024-10-05 17:38:00,2409.88,1.0
2024-10-05 17:39:00,2409.8,1.0
2024-10-05 17:40:00,2409.79,1.0
2024-10-05 17:41:00,2409.1,0.9999
2024-10-05 17:42:00,2409.5,1.0
2024-10-05 17:43:00,2409.81,1.0
2024-10-05 17:44:00,2409.85,1.0
2024-10-05 17:45:00,2409.4,1.0
2024-10-05 17:46:00,2409.27,1.0
2024-10-05 17:47:00,2408.01,0.9999
2024-10-05 17:48:00,2409.88,1.0
2024-10-05 17:49:00,2409.6,0.9999
2024-10-05 17:50:00,2410.19,1.0
2024-10-05 17:51:00,2409.96,1.0
2024-10-05 17:52:00,2409.22,0.9999
2024-10-05 17:53:00,2409.11,1.0
2024-10-05 17:54:00,2408.8,0.9999
2024-10-05 17:55:00,2409.49,0.9999
2024-10-05 17:56:00,2409.95,1.0
2024-10-05 17:57:00,2409.6,1.0
2024-10-05 17:58:00,2409.84,0.9999
2024-10-05 17:59:00,2409.95,0.9999
2024-10-05 18:00:00,2410.16,1.0
2024-10-05 18:01:00,2410.93,1.0
2024-10-05 18:02:00,2410.24,1.0
2024-10-05 18:03:00,2411.51,0.9999
2024-10-05 18:04:00,2410.45,0.9999
2024-10-05 18:05:00,2409.4,1.0
2024-10-05 18:06:00,2405.21,0.9999
2024-10-05 18:07:00,2405.88,1.0
2024-10-05 18:08:00,2404.44,0.9999
2024-10-05 18:09:00,2402.57,1.0
2024-10-05 18:10:00,2403.58,1.0
2024-10-05 18:11:00,2402.31,0.9999
2024-10-05 18:12:00,2401.77,0.9999
2024-10-05 18:13:00,2402.3,1.0
2024-10-05 18:14:00,2401.56,1.0
2024-10-05 18:15:00,2400.71,0.9999
2024-10-05 18:16:00,2401.17,0.9999
2024-10-05 18:17:00,2400.55,0.9999
2024-10-05 18:18:00,2402.4,1.0
2024-10-05 18:19:00,2403.49,1.0
2024-10-05 18:20:00,2403.78,1.0
2024-10-05 18:21:00,2402.76,1.0
2024-10-05 18:22:00,2402.2,1.0
2024-10-05 18:23:00,2404.35,0.9999
2024-10-05 18:24:00,2403.41,1.0
2024-10-05 18:25:00,2403.49,1.0
2024-10-05 18:26:00,2402.46,1.0
2024-10-05 18:27:00,2402.73,0.9999
2024-10-05 18:28:00,2403.42,1.0
2024-10-05 18:29:00,2402.6,1.0
2024-10-05 18:30:00,2403.2,0.9999
2024-10-05 18:31:00,2404.04,1.0
2024-10-05 18:32:00,2403.58,1.0
2024-10-05 18:33:00,2403.7,0.9999
2024-10-05 18:34:00,2403.08,1.0
2024-10-05 18:35:00,2403.79,1.0
2024-10-05 18:36:00,2403.24,0.9999
2024-10-05 18:37:00,2404.23,0.9999
2024-10-05 18:38:00,2404.39,0.9999
2024-10-05 18:39:00,2403.88,1.0
2024-10-05 18:40:00,2403.0,0.9999
2024-10-05 18:41:00,2402.0,0.9999
2024-10-05 18:42:00,2402.08,0.9999
2024-10-05 18:43:00,2400.85,1.0
2024-10-05 18:44:00,2402.05,1.0
2024-10-05 18:45:00,2401.14,1.0
2024-10-05 18:46:00,2401.56,0.9999
2024-10-05 18:47:00,2400.0,0.9999
2024-10-05 18:48:00,2399.62,0.9999
2024-10-05 18:49:00,2398.47,1.0
2024-10-05 18:50:00,2396.01,0.9999
2024-10-05 18:51:00,2398.1,1.0
2024-10-05 18:52:00,2399.98,0.9999
2024-10-05 18:53:00,2399.4,1.0
2024-10-05 18:54:00,2399.81,1.0
2024-10-05 18:55:00,2400.35,1.0
2024-10-05 18:56:00,2399.81,0.9999
2024-10-05 18:57:00,2402.43,1.0
2024-10-05 18:58:00,2403.17,1.0
2024-10-05 18:59:00,2402.37,1.0
2024-10-05 19:00:00,2402.57,1.0
2024-10-05 19:01:00,2402.26,1.0
2024-10-05 19:02:00,2401.01,0.9999
2024-10-05 19:03:00,2398.99,0.9999
2024-10-05 19:04:00,2398.61,1.0
2024-10-05 19:05:00,2398.72,1.0
2024-10-05 19:06:00,2396.71,0.9999
2024-10-05 19:07:00,2397.49,1.0
2024-10-05 19:08:00,2399.85,1.0
2024-10-05 19:09:00,2399.17,0.9999
2024-10-05 19:10:00,2398.54,1.0
2024-10-05 19:11:00,2399.0,0.9999
2024-10-05 19:12:00,2398.39,1.0
2024-10-05 19:13:00,2396.54,0.9999
2024-10-05 19:14:00,2397.96,1.0
2024-10-05 19:15:00,2398.34,1.0
2024-10-05 19:16:00,2397.83,1.0
2024-10-05 19:17:00,2397.0,1.0
2024-10-05 19:18:00,2396.46,0.9999
2024-10-05 19:19:00,2395.81,0.9999
2024-10-05 19:20:00,2394.53,1.0
2024-10-05 19:21:00,2396.4,1.0
2024-10-05 19:22:00,2397.31,0.9999
2024-10-05 19:23:00,2396.73,0.9999
2024-10-05 19:24:00,2395.73,0.9999
2024-10-05 19:25:00,2394.67,1.0
2024-10-05 19:26:00,2396.6,1.0
2024-10-05 19:27:00,2398.0,0.9999
2024-10-05 19:28:00,2397.6,1.0
2024-10-05 19:29:00,2397.89,0.9999
2024-10-05 19:30:00,2397.86,0.9999
2024-10-05 19:31:00,2398.16,0.9999
2024-10-05 19:32:00,2396.6,0.9999
2024-10-05 19:33:00,2396.39,0.9999
2024-10-05 19:34:00,2395.01,0.9999
2024-10-05 19:35:00,2394.8,0.9999
2024-10-05 19:36:00,2395.01,0.9999
2024-10-05 19:37:00,2395.01,1.0
2024-10-05 19:38:00,2396.11,1.0
2024-10-05 19:39:00,2395.79,1.0
2024-10-05 19:40:00,2395.33,0.9999
2024-10-05 19:41:00,2395.86,0.9999
2024-10-05 19:42:00,2396.6,1.0
2024-10-05 19:43:00,2396.61,1.0
2024-10-05 19:44:00,2396.71,1.0
2024-10-05 19:45:00,2396.07,1.0
2024-10-05 19:46:00,2395.7,1.0
2024-10-05 19:47:00,2394.99,1.0
2024-10-05 19:48:00,2396.71,1.0
2024-10-05 19:49:00,2396.78,1.0001
2024-10-05 19:50:00,2395.28,1.0001
2024-10-05 19:51:00,2395.0,1.0
2024-10-05 19:52:00,2394.73,1.0
2024-10-05 19:53:00,2394.99,1.0001
2024-10-05 19:54:00,2394.28,1.0001
2024-10-05 19:55:00,2395.29,1.0
2024-10-05 19:56:00,2395.35,1.0001
2024-10-05 19:57:00,2395.11,1.0001
2024-10-05 19:58:00,2395.5,1.0001
2024-10-05 19:59:00,2395.24,1.0001
2024-10-05 20:00:00,2396.54,1.0
2024-10-05 20:01:00,2395.93,1.0
2024-10-05 20:02:00,2395.23,1.0001
2024-10-05 20:03:00,2395.17,1.0001
2024-10-05 20:04:00,2393.51,1.0
2024-10-05 20:05:00,2393.34,1.0001
2024-10-05 20:06:00,2392.85,1.0
2024-10-05 20:07:00,2391.59,1.0
2024-10-05 20:08:00,2391.94,1.0
2024-10-05 20:09:00,2390.44,1.0001
2024-10-05 20:10:00,2390.44,1.0001
2024-10-05 20:11:00,2392.65,1.0
2024-10-05 20:12:00,2394.13,1.0
2024-10-05 20:13:00,2392.9,1.0
2024-10-05 20:14:00,2393.17,1.0001
2024-10-05 20:15:00,2394.8,1.0001
2024-10-05 20:16:00,2394.44,1.0001
2024-10-05 20:17:00,2397.92,1.0
2024-10-05 20:18:00,2399.18,1.0
2024-10-05 20:19:00,2398.0,1.0
2024-10-05 20:20:00,2397.5,1.0001
2024-10-05 20:21:00,2397.18,1.0
2024-10-05 20:22:00,2395.58,1.0001
2024-10-05 20:23:00,2396.29,1.0001
2024-10-05 20:24:00,2398.28,1.0
2024-10-05 20:25:00,2396.8,1.0001
2024-10-05 20:26:00,2397.67,1.0
2024-10-05 20:27:00,2397.81,1.0001
2024-10-05 20:28:00,2397.2,1.0001
2024-10-05 20:29:00,2397.27,1.0001
2024-10-05 20:30:00,2398.08,1.0
2024-10-05 20:31:00,2398.01,1.0
2024-10-05 20:32:00,2399.4,1.0001
2024-10-05 20:33:00,2399.11,1.0001
2024-10-05 20:34:00,2397.49,1.0
2024-10-05 20:35:00,2398.01,1.0001
2024-10-05 20:36:00,2396.99,1.0001
2024-10-05 20:37:00,2396.73,1.0001
2024-10-05 20:38:00,2396.23,1.0
2024-10-05 20:39:00,2396.74,1.0
2024-10-05 20:40:00,2395.86,1.0
2024-10-05 20:41:00,2395.56,1.0001
2024-10-05 20:42:00,2394.56,1.0
2024-10-05 20:43:00,2394.97,1.0
2024-10-05 20:44:00,2394.97,1.0001
2024-10-05 20:45:00,2395.85,1.0
2024-10-05 20:46:00,2394.55,1.0
2024-10-05 20:47:00,2393.6,1.0001
2024-10-05 20:48:00,2392.95,1.0001
2024-10-05 20:49:00,2392.28,1.0001
2024-10-05 20:50:00,2393.49,1.0001
2024-10-05 20:51:00,2392.99,1.0
2024-10-05 20:52:00,2391.99,1.0001
2024-10-05 20:53:00,2392.19,1.0001
2024-10-05 20:54:00,2391.18,1.0001
2024-10-05 20:55:00,2391.92,1.0001
2024-10-05 20:56:00,2392.11,1.0
2024-10-05 20:57:00,2392.84,1.0001
2024-10-05 20:58:00,2392.21,1.0001
2024-10-05 20:59:00,2392.36,1.0
2024-10-05 21:00:00,2392.35,1.0001
2024-10-05 21:01:00,2393.11,1.0001
2024-10-05 21:02:00,2393.6,1.0001
2024-10-05 21:03:00,2393.97,1.0
2024-10-05 21:04:00,2393.87,1.0001
2024-10-05 21:05:00,2394.01,1.0001
2024-10-05 21:06:00,2392.54,1.0001
2024-10-05 21:07:00,2394.4,1.0001
2024-10-05 21:08:00,2395.23,1.0001
2024-10-05 21:09:00,2394.8,1.0001
2024-10-05 21:10:00,2394.54,1.0
2024-10-05 21:11:00,2395.2,1.0
2024-10-05 21:12:00,2396.33,1.0001
2024-10-05 21:13:00,2396.53,1.0001
2024-10-05 21:14:00,2398.73,1.0
2024-10-05 21:15:00,2400.16,1.0001
2024-10-05 21:16:00,2399.7,1.0
2024-10-05 21:17:00,2400.68,1.0001
2024-10-05 21:18:00,2400.0,1.0
2024-10-05 21:19:00,2401.01,1.0
2024-10-05 21:20:00,2404.5,1.0001
2024-10-05 21:21:00,2406.83,1.0001
2024-10-05 21:22:00,2405.14,1.0
2024-10-05 21:23:00,2405.21,1.0
2024-10-05 21:24:00,2406.73,1.0001
2024-10-05 21:25:00,2405.1,1.0001
2024-10-05 21:26:00,2406.0,1.0
2024-10-05 21:27:00,2404.97,1.0
2024-10-05 21:28:00,2405.73,1.0
2024-10-05 21:29:00,2404.77,1.0001
2024-10-05 21:30:00,2404.31,1.0
2024-10-05 21:31:00,2403.61,1.0
2024-10-05 21:32:00,2405.85,1.0001
2024-10-05 21:33:00,2406.6,1.0001
2024-10-05 21:34:00,2406.59,1.0
2024-10-05 21:35:00,2406.88,1.0001
2024-10-05 21:36:00,2407.99,1.0001
2024-10-05 21:37:00,2408.04,1.0001
2024-10-05 21:38:00,2406.95,1.0
2024-10-05 21:39:00,2406.69,1.0001
2024-10-05 21:40:00,2406.0,1.0001
2024-10-05 21:41:00,2406.7,1.0
2024-10-05 21:42:00,2407.41,1.0
2024-10-05 21:43:00,2407.28,1.0
2024-10-05 21:44:00,2406.97,1.0
2024-10-05 21:45:00,2407.51,1.0001
2024-10-05 21:46:00,2406.1,1.0
2024-10-05 21:47:00,2405.24,1.0
2024-10-05 21:48:00,2404.7,1.0001
2024-10-05 21:49:00,2404.8,1.0
2024-10-05 21:50:00,2404.59,1.0
2024-10-05 21:51:00,2404.3,1.0
2024-10-05 21:52:00,2403.41,1.0
2024-10-05 21:53:00,2403.15,1.0001
2024-10-05 21:54:00,2403.08,1.0
2024-10-05 21:55:00,2402.4,1.0
2024-10-05 21:56:00,2402.87,1.0
2024-10-05 21:57:00,2402.59,1.0
2024-10-05 21:58:00,2402.0,1.0001
2024-10-05 21:59:00,2403.23,1.0
2024-10-05 22:00:00,2403.39,1.0
2024-10-05 22:01:00,2404.59,1.0001
2024-10-05 22:02:00,2405.27,1.0
2024-10-05 22:03:00,2407.65,1.0001
2024-10-05 22:04:00,2408.31,1.0
2024-10-05 22:05:00,2409.16,1.0001
2024-10-05 22:06:00,2408.91,1.0001
2024-10-05 22:07:00,2409.12,1.0001
2024-10-05 22:08:00,2409.96,1.0
2024-10-05 22:09:00,2411.32,1.0001
2024-10-05 22:10:00,2411.27,1.0001
2024-10-05 22:11:00,2411.31,1.0
2024-10-05 22:12:00,2410.89,1.0001
2024-10-05 22:13:00,2410.39,1.0001
2024-10-05 22:14:00,2409.2,1.0001
2024-10-05 22:15:00,2409.81,1.0
2024-10-05 22:16:00,2409.89,1.0001
2024-10-05 22:17:00,2409.83,1.0
2024-10-05 22:18:00,2410.68,1.0001
2024-10-05 22:19:00,2411.04,1.0001
2024-10-05 22:20:00,2413.09,1.0001
2024-10-05 22:21:00,2412.56,1.0
2024-10-05 22:22:00,2413.31,1.0001
2024-10-05 22:23:00,2415.04,1.0001
2024-10-05 22:24:00,2415.2,1.0001
2024-10-05 22:25:00,2414.33,1.0
2024-10-05 22:26:00,2412.8,1.0001
2024-10-05 22:27:00,2412.96,1.0
2024-10-05 22:28:00,2412.36,1.0
2024-10-05 22:29:00,2412.36,1.0
2024-10-05 22:30:00,2412.36,1.0
2024-10-05 22:31:00,2413.63,1.0
2024-10-05 22:32:00,2412.63,1.0
2024-10-05 22:33:00,2414.4,1.0
2024-10-05 22:34:00,2412.96,1.0
2024-10-05 22:35:00,2414.18,1.0
2024-10-05 22:36:00,2415.88,1.0
2024-10-05 22:37:00,2418.1,0.9999
2024-10-05 22:38:00,2419.49,1.0
2024-10-05 22:39:00,2419.16,1.0
2024-10-05 22:40:00,2417.41,0.9999
2024-10-05 22:41:00,2416.79,1.0
2024-10-05 22:42:00,2416.06,0.9999
2024-10-05 22:43:00,2416.06,1.0
2024-10-05 22:44:00,2416.38,1.0
2024-10-05 22:45:00,2416.23,1.0
2024-10-05 22:46:00,2416.0,1.0
2024-10-05 22:47:00,2414.8,0.9999
2024-10-05 22:48:00,2415.48,1.0
2024-10-05 22:49:00,2415.32,0.9999
2024-10-05 22:50:00,2416.29,1.0
2024-10-05 22:51:00,2416.64,1.0
2024-10-05 22:52:00,2417.67,1.0
2024-10-05 22:53:00,2417.1,1.0
2024-10-05 22:54:00,2417.08,1.0
2024-10-05 22:55:00,2417.79,1.0
2024-10-05 22:56:00,2417.66,1.0
2024-10-05 22:57:00,2417.86,1.0
2024-10-05 22:58:00,2418.86,1.0
2024-10-05 22:59:00,2418.0,1.0
2024-10-05 23:00:00,2418.0,1.0
2024-10-05 23:01:00,2416.7,1.0
2024-10-05 23:02:00,2415.64,0.9999
2024-10-05 23:03:00,2416.49,1.0
2024-10-05 23:04:00,2417.9,1.0
2024-10-05 23:05:00,2418.87,1.0
2024-10-05 23:06:00,2418.38,0.9999
2024-10-05 23:07:00,2419.49,1.0
2024-10-05 23:08:00,2416.99,1.0
2024-10-05 23:09:00,2416.83,1.0
2024-10-05 23:10:00,2417.39,0.9999
2024-10-05 23:11:00,2416.42,0.9999
2024-10-05 23:12:00,2416.79,1.0
2024-10-05 23:13:00,2416.8,0.9999
2024-10-05 23:14:00,2415.79,0.9999
2024-10-05 23:15:00,2415.78,1.0
2024-10-05 23:16:00,2414.74,1.0
2024-10-05 23:17:00,2414.94,0.9999
2024-10-05 23:18:00,2413.81,1.0
2024-10-05 23:19:00,2413.83,0.9999
2024-10-05 23:20:00,2414.09,0.9999
2024-10-05 23:21:00,2412.61,0.9999
2024-10-05 23:22:00,2412.53,1.0
2024-10-05 23:23:00,2412.54,1.0
2024-10-05 23:24:00,2414.1,1.0
2024-10-05 23:25:00,2415.0,1.0
2024-10-05 23:26:00,2414.4,0.9999
2024-10-05 23:27:00,2412.91,1.0
2024-10-05 23:28:00,2412.92,0.9999
2024-10-05 23:29:00,2413.5,0.9999
2024-10-05 23:30:00,2413.04,0.9999
2024-10-05 23:31:00,2414.01,0.9999
2024-10-05 23:32:00,2414.64,0.9999
2024-10-05 23:33:00,2414.07,1.0
2024-10-05 23:34:00,2413.94,0.9999
2024-10-05 23:35:00,2413.7,0.9999
2024-10-05 23:36:00,2412.91,1.0
2024-10-05 23:37:00,2412.69,1.0
2024-10-05 23:38:00,2412.46,0.9999
2024-10-05 23:39:00,2412.8,0.9999
2024-10-05 23:40:00,2412.07,1.0
2024-10-05 23:41:00,2411.97,1.0
2024-10-05 23:42:00,2412.3,1.0
2024-10-05 23:43:00,2413.79,0.9999
2024-10-05 23:44:00,2413.95,1.0
2024-10-05 23:45:00,2414.41,0.9999
2024-10-05 23:46:00,2415.42,1.0
2024-10-05 23:47:00,2414.97,1.0
2024-10-05 23:48:00,2414.98,1.0
2024-10-05 23:49:00,2415.12,1.0
2024-10-05 23:50:00,2415.04,1.0
2024-10-05 23:51:00,2414.64,1.0
2024-10-05 23:52:00,2415.2,1.0
2024-10-05 23:53:00,2415.1,1.0
2024-10-05 23:54:00,2415.6,1.0
2024-10-05 23:55:00,2415.11,1.0
2024-10-05 23:56:00,2415.56,1.0
2024-10-05 23:57:00,2415.69,0.9999
2024-10-05 23:58:00,2415.64,1.0
2024-10-05 23:59:00,2415.41,1.0
2024-10-06 00:00:00,2414.66,1.0
2024-10-06 00:01:00,2415.38,1.0
2024-10-06 00:02:00,2414.9,1.0
2024-10-06 00:03:00,2412.66,0.9999
2024-10-06 00:04:00,2410.51,1.0
2024-10-06 00:05:00,2410.39,1.0
2024-10-06 00:06:00,2410.07,0.9999
2024-10-06 00:07:00,2409.99,1.0
2024-10-06 00:08:00,2409.0,0.9999
2024-10-06 00:09:00,2409.49,1.0
2024-10-06 00:10:00,2408.53,1.0
2024-10-06 00:11:00,2408.52,1.0
2024-10-06 00:12:00,2409.8,0.9999
2024-10-06 00:13:00,2409.76,1.0
2024-10-06 00:14:00,2410.49,1.0
2024-10-06 00:15:00,2411.19,1.0
2024-10-06 00:16:00,2411.0,1.0
2024-10-06 00:17:00,2410.56,1.0
2024-10-06 00:18:00,2410.62,1.0
2024-10-06 00:19:00,2410.0,0.9999
2024-10-06 00:20:00,2410.0,0.9999
2024-10-06 00:21:00,2410.35,1.0
2024-10-06 00:22:00,2410.8,1.0
2024-10-06 00:23:00,2410.75,1.0
2024-10-06 00:24:00,2409.99,0.9999
2024-10-06 00:25:00,2409.74,0.9999
2024-10-06 00:26:00,2411.4,1.0
2024-10-06 00:27:00,2410.6,1.0
2024-10-06 00:28:00,2410.51,0.9999
2024-10-06 00:29:00,2410.61,1.0
2024-10-06 00:30:00,2410.13,1.0
2024-10-06 00:31:00,2409.29,0.9999
2024-10-06 00:32:00,2409.74,1.0
2024-10-06 00:33:00,2409.83,1.0001
2024-10-06 00:34:00,2409.04,1.0001
2024-10-06 00:35:00,2409.14,1.0001
2024-10-06 00:36:00,2407.33,1.0001
2024-10-06 00:37:00,2407.72,1.0
2024-10-06 00:38:00,2408.1,1.0
2024-10-06 00:39:00,2407.6,1.0001
2024-10-06 00:40:00,2407.9,1.0
2024-10-06 00:41:00,2407.84,1.0
2024-10-06 00:42:00,2407.13,1.0001
2024-10-06 00:43:00,2408.38,1.0
2024-10-06 00:44:00,2408.67,1.0
2024-10-06 00:45:00,2408.49,1.0
2024-10-06 00:46:00,2408.63,1.0001
2024-10-06 00:47:00,2408.63,1.0001
2024-10-06 00:48:00,2408.81,1.0001
2024-10-06 00:49:00,2408.82,1.0001
2024-10-06 00:50:00,2408.2,1.0001
2024-10-06 00:51:00,2409.29,1.0001
2024-10-06 00:52:00,2408.22,1.0001
2024-10-06 00:53:00,2407.75,1.0001
2024-10-06 00:54:00,2409.39,1.0001
2024-10-06 00:55:00,2409.49,1.0001
2024-10-06 00:56:00,2409.25,1.0
2024-10-06 00:57:00,2408.41,1.0001
2024-10-06 00:58:00,2409.87,1.0001
2024-10-06 00:59:00,2409.01,1.0
2024-10-06 01:00:00,2410.48,1.0001
2024-10-06 01:01:00,2410.48,1.0
2024-10-06 01:02:00,2410.61,1.0001
2024-10-06 01:03:00,2410.62,1.0001
2024-10-06 01:04:00,2410.57,1.0
2024-10-06 01:05:00,2410.59,1.0001
2024-10-06 01:06:00,2410.0,1.0001
2024-10-06 01:07:00,2409.4,1.0
2024-10-06 01:08:00,2409.18,1.0001
2024-10-06 01:09:00,2408.9,1.0001
2024-10-06 01:10:00,2409.5,1.0
2024-10-06 01:11:00,2412.7,1.0
2024-10-06 01:12:00,2413.21,1.0
2024-10-06 01:13:00,2413.16,1.0001
2024-10-06 01:14:00,2413.62,1.0
2024-10-06 01:15:00,2414.5,1.0001
2024-10-06 01:16:00,2415.23,1.0
2024-10-06 01:17:00,2412.65,1.0
2024-10-06 01:18:00,2413.5,1.0001
2024-10-06 01:19:00,2413.03,1.0
2024-10-06 01:20:00,2413.29,1.0
2024-10-06 01:21:00,2415.39,1.0001
2024-10-06 01:22:00,2416.39,1.0001
2024-10-06 01:23:00,2416.59,1.0001
2024-10-06 01:24:00,2417.92,1.0001
2024-10-06 01:25:00,2418.22,1.0
2024-10-06 01:26:00,2419.31,1.0
2024-10-06 01:27:00,2421.61,1.0001
2024-10-06 01:28:00,2420.72,1.0001
2024-10-06 01:29:00,2419.52,1.0001
2024-10-06 01:30:00,2419.82,1.0001
2024-10-06 01:31:00,2419.67,1.0
2024-10-06 01:32:00,2420.39,1.0001
2024-10-06 01:33:00,2422.66,1.0001
2024-10-06 01:34:00,2421.07,1.0
2024-10-06 01:35:00,2422.28,0.9999
2024-10-06 01:36:00,2420.25,1.0
2024-10-06 01:37:00,2420.0,1.0
2024-10-06 01:38:00,2421.11,0.9999
2024-10-06 01:39:00,2420.43,1.0
2024-10-06 01:40:00,2419.39,1.0
2024-10-06 01:41:00,2418.0,0.9999
2024-10-06 01:42:00,2417.01,0.9999
2024-10-06 01:43:00,2417.43,1.0
2024-10-06 01:44:00,2417.61,0.9999
2024-10-06 01:45:00,2417.61,1.0
2024-10-06 01:46:00,2416.65,1.0
2024-10-06 01:47:00,2416.93,0.9999
2024-10-06 01:48:00,2417.4,0.9999
2024-10-06 01:49:00,2417.39,0.9999
2024-10-06 01:50:00,2416.64,1.0
2024-10-06 01:51:00,2417.17,1.0
2024-10-06 01:52:00,2418.17,1.0
2024-10-06 01:53:00,2418.34,1.0
2024-10-06 01:54:00,2418.01,1.0
2024-10-06 01:55:00,2418.8,1.0
2024-10-06 01:56:00,2417.87,1.0
2024-10-06 01:57:00,2419.15,0.9999
2024-10-06 01:58:00,2419.15,0.9999
2024-10-06 01:59:00,2419.16,1.0
2024-10-06 02:00:00,2420.68,1.0
2024-10-06 02:01:00,2422.21,1.0
2024-10-06 02:02:00,2421.42,1.0
2024-10-06 02:03:00,2420.0,1.0
2024-10-06 02:04:00,2418.51,1.0
2024-10-06 02:05:00,2418.65,0.9999
2024-10-06 02:06:00,2417.61,1.0
2024-10-06 02:07:00,2417.52,1.0
2024-10-06 02:08:00,2417.46,0.9999
2024-10-06 02:09:00,2417.45,1.0
2024-10-06 02:10:00,2416.6,1.0
2024-10-06 02:11:00,2416.01,1.0
2024-10-06 02:12:00,2416.07,0.9999
2024-10-06 02:13:00,2416.0,1.0
2024-10-06 02:14:00,2417.66,1.0
2024-10-06 02:15:00,2417.62,1.0
2024-10-06 02:16:00,2418.81,1.0
2024-10-06 02:17:00,2417.7,1.0
2024-10-06 02:18:00,2417.87,1.0
2024-10-06 02:19:00,2418.65,1.0
2024-10-06 02:20:00,2418.95,1.0
2024-10-06 02:21:00,2419.07,0.9999
2024-10-06 02:22:00,2418.02,1.0
2024-10-06 02:23:00,2418.72,1.0
2024-10-06 02:24:00,2419.67,1.0
2024-10-06 02:25:00,2419.67,1.0
2024-10-06 02:26:00,2420.67,1.0
2024-10-06 02:27:00,2419.68,1.0
2024-10-06 02:28:00,2419.2,1.0
2024-10-06 02:29:00,2419.46,1.0
2024-10-06 02:30:00,2419.76,1.0
2024-10-06 02:31:00,2419.67,1.0
2024-10-06 02:32:00,2418.65,0.9999
2024-10-06 02:33:00,2417.36,1.0
2024-10-06 02:34:00,2416.6,1.0
2024-10-06 02:35:00,2415.47,1.0
2024-10-06 02:36:00,2415.99,1.0
2024-10-06 02:37:00,2415.15,1.0
2024-10-06 02:38:00,2414.48,1.0
2024-10-06 02:39:00,2414.81,1.0
2024-10-06 02:40:00,2415.14,1.0
2024-10-06 02:41:00,2414.72,1.0
2024-10-06 02:42:00,2415.2,0.9999
2024-10-06 02:43:00,2414.61,1.0
2024-10-06 02:44:00,2414.52,0.9999
2024-10-06 02:45:00,2414.54,1.0
2024-10-06 02:46:00,2415.36,1.0
2024-10-06 02:47:00,2414.63,0.9999
2024-10-06 02:48:00,2415.33,0.9999
2024-10-06 02:49:00,2416.35,0.9999
2024-10-06 02:50:00,2416.79,1.0
2024-10-06 02:51:00,2417.0,0.9999
2024-10-06 02:52:00,2416.35,0.9999
2024-10-06 02:53:00,2416.83,1.0
2024-10-06 02:54:00,2415.78,1.0
2024-10-06 02:55:00,2415.78,1.0
2024-10-06 02:56:00,2416.47,0.9999
2024-10-06 02:57:00,2416.47,0.9999
2024-10-06 02:58:00,2417.42,1.0
2024-10-06 02:59:00,2417.28,0.9999
2024-10-06 03:00:00,2416.5,0.9999
2024-10-06 03:01:00,2417.24,0.9999
2024-10-06 03:02:00,2417.08,0.9999
2024-10-06 03:03:00,2417.83,1.0
2024-10-06 03:04:00,2417.44,1.0
2024-10-06 03:05:00,2415.15,0.9999
2024-10-06 03:06:00,2415.35,0.9999
2024-10-06 03:07:00,2415.15,1.0
2024-10-06 03:08:00,2415.49,0.9999
2024-10-06 03:09:00,2414.31,0.9999
2024-10-06 03:10:00,2414.31,1.0
2024-10-06 03:11:00,2414.8,0.9999
2024-10-06 03:12:00,2415.29,1.0
2024-10-06 03:13:00,2415.47,1.0
2024-10-06 03:14:00,2416.0,0.9999
2024-10-06 03:15:00,2416.14,1.0
2024-10-06 03:16:00,2416.0,0.9999
2024-10-06 03:17:00,2415.9,0.9999
2024-10-06 03:18:00,2419.83,1.0
2024-10-06 03:19:00,2421.39,1.0
2024-10-06 03:20:00,2421.49,1.0
2024-10-06 03:21:00,2421.48,0.9999
2024-10-06 03:22:00,2421.33,1.0
2024-10-06 03:23:00,2421.48,0.9999
2024-10-06 03:24:00,2421.47,1.0
2024-10-06 03:25:00,2420.67,0.9999
2024-10-06 03:26:00,2419.85,1.0
2024-10-06 03:27:00,2419.44,0.9999
2024-10-06 03:28:00,2418.46,0.9999
2024-10-06 03:29:00,2418.55,0.9999
2024-10-06 03:30:00,2418.0,1.0
2024-10-06 03:31:00,2418.49,1.0
2024-10-06 03:32:00,2419.0,0.9999
2024-10-06 03:33:00,2419.0,0.9999
2024-10-06 03:34:00,2418.71,1.0
2024-10-06 03:35:00,2418.87,1.0
2024-10-06 03:36:00,2418.51,1.0
2024-10-06 03:37:00,2416.25,1.0
2024-10-06 03:38:00,2415.7,1.0
2024-10-06 03:39:00,2415.8,1.0
2024-10-06 03:40:00,2415.41,1.0
2024-10-06 03:41:00,2415.08,1.0
2024-10-06 03:42:00,2414.93,1.0
2024-10-06 03:43:00,2415.1,1.0001
2024-10-06 03:44:00,2415.78,1.0001
2024-10-06 03:45:00,2414.78,1.0001
2024-10-06 03:46:00,2415.4,1.0001
2024-10-06 03:47:00,2415.13,1.0
2024-10-06 03:48:00,2414.1,1.0001
2024-10-06 03:49:00,2413.88,1.0
2024-10-06 03:50:00,2414.99,1.0
2024-10-06 03:51:00,2414.01,1.0
2024-10-06 03:52:00,2414.0,1.0
2024-10-06 03:53:00,2414.29,1.0001
2024-10-06 03:54:00,2414.49,1.0001
2024-10-06 03:55:00,2413.2,1.0
2024-10-06 03:56:00,2414.09,1.0
2024-10-06 03:57:00,2413.97,1.0
2024-10-06 03:58:00,2414.04,1.0001
2024-10-06 03:59:00,2414.3,1.0
2024-10-06 04:00:00,2413.63,1.0001
2024-10-06 04:01:00,2414.13,1.0
2024-10-06 04:02:00,2415.2,1.0001
2024-10-06 04:03:00,2415.95,1.0001
2024-10-06 04:04:00,2416.5,1.0
2024-10-06 04:05:00,2416.5,1.0001
2024-10-06 04:06:00,2415.83,1.0
2024-10-06 04:07:00,2416.88,1.0
2024-10-06 04:08:00,2417.77,1.0001
2024-10-06 04:09:00,2417.58,1.0
2024-10-06 04:10:00,2417.87,1.0001
2024-10-06 04:11:00,2416.39,1.0001
2024-10-06 04:12:00,2416.01,1.0001
2024-10-06 04:13:00,2415.68,1.0
2024-10-06 04:14:00,2415.51,1.0
2024-10-06 04:15:00,2416.19,1.0
2024-10-06 04:16:00,2416.19,1.0001
2024-10-06 04:17:00,2416.2,1.0
2024-10-06 04:18:00,2417.74,1.0
2024-10-06 04:19:00,2419.65,1.0001
2024-10-06 04:20:00,2419.45,1.0
2024-10-06 04:21:00,2418.71,1.0
2024-10-06 04:22:00,2417.79,1.0001
2024-10-06 04:23:00,2417.44,1.0001
2024-10-06 04:24:00,2417.2,1.0
2024-10-06 04:25:00,2417.01,1.0001
2024-10-06 04:26:00,2416.67,1.0
2024-10-06 04:27:00,2417.04,1.0001
2024-10-06 04:28:00,2417.1,1.0001
2024-10-06 04:29:00,2417.49,1.0001
2024-10-06 04:30:00,2417.48,1.0
2024-10-06 04:31:00,2417.48,1.0
2024-10-06 04:32:00,2416.65,1.0001
2024-10-06 04:33:00,2415.68,1.0
2024-10-06 04:34:00,2416.1,1.0001
2024-10-06 04:35:00,2416.09,1.0
2024-10-06 04:36:00,2414.85,1.0001
2024-10-06 04:37:00,2415.3,1.0001
2024-10-06 04:38:00,2414.73,1.0
2024-10-06 04:39:00,2414.07,1.0001
2024-10-06 04:40:00,2412.86,1.0
2024-10-06 04:41:00,2411.54,1.0
2024-10-06 04:42:00,2410.57,1.0
2024-10-06 04:43:00,2410.61,1.0
2024-10-06 04:44:00,2410.61,1.0
2024-10-06 04:45:00,2411.35,1.0
2024-10-06 04:46:00,2410.75,1.0
2024-10-06 04:47:00,2410.77,1.0
2024-10-06 04:48:00,2411.52,1.0001
2024-10-06 04:49:00,2411.99,1.0
2024-10-06 04:50:00,2413.24,1.0
2024-10-06 04:51:00,2413.64,1.0
2024-10-06 04:52:00,2413.3,1.0001
2024-10-06 04:53:00,2414.04,1.0
2024-10-06 04:54:00,2414.63,1.0
2024-10-06 04:55:00,2414.9,1.0001
2024-10-06 04:56:00,2414.71,1.0001
2024-10-06 04:57:00,2414.63,1.0001
2024-10-06 04:58:00,2414.64,1.0001
2024-10-06 04:59:00,2414.64,1.0001
2024-10-06 05:00:00,2415.28,1.0
2024-10-06 05:01:00,2415.9,1.0001
2024-10-06 05:02:00,2416.64,1.0001
2024-10-06 05:03:00,2416.2,1.0
2024-10-06 05:04:00,2417.49,1.0001
2024-10-06 05:05:00,2416.01,1.0001
2024-10-06 05:06:00,2416.6,1.0
2024-10-06 05:07:00,2415.03,1.0001
2024-10-06 05:08:00,2415.27,1.0001
2024-10-06 05:09:00,2414.86,1.0
2024-10-06 05:10:00,2413.01,1.0
2024-10-06 05:11:00,2414.29,1.0
2024-10-06 05:12:00,2412.54,1.0001
2024-10-06 05:13:00,2412.54,1.0001
2024-10-06 05:14:00,2412.54,1.0001
2024-10-06 05:15:00,2412.72,1.0001
2024-10-06 05:16:00,2411.64,1.0
2024-10-06 05:17:00,2412.03,1.0
2024-10-06 05:18:00,2414.33,1.0
2024-10-06 05:19:00,2413.98,1.0001
2024-10-06 05:20:00,2414.34,1.0001
2024-10-06 05:21:00,2415.34,1.0001
2024-10-06 05:22:00,2416.0,1.0001
2024-10-06 05:23:00,2417.45,1.0001
2024-10-06 05:24:00,2417.01,1.0001
2024-10-06 05:25:00,2416.68,1.0001
2024-10-06 05:26:00,2417.65,1.0001
2024-10-06 05:27:00,2415.88,1.0
2024-10-06 05:28:00,2416.2,1.0001
2024-10-06 05:29:00,2415.93,1.0001
2024-10-06 05:30:00,2415.94,1.0001
2024-10-06 05:31:00,2416.5,1.0
2024-10-06 05:32:00,2416.0,1.0001
2024-10-06 05:33:00,2416.16,1.0
2024-10-06 05:34:00,2416.08,1.0001
2024-10-06 05:35:00,2415.61,1.0001
2024-10-06 05:36:00,2415.0,1.0001
2024-10-06 05:37:00,2414.1,1.0001
2024-10-06 05:38:00,2414.1,1.0
2024-10-06 05:39:00,2414.29,1.0001
2024-10-06 05:40:00,2414.79,1.0
2024-10-06 05:41:00,2414.78,1.0
2024-10-06 05:42:00,2414.15,1.0
2024-10-06 05:43:00,2415.64,1.0
2024-10-06 05:44:00,2416.47,1.0001
2024-10-06 05:45:00,2416.47,1.0
2024-10-06 05:46:00,2416.07,1.0001
2024-10-06 05:47:00,2416.06,1.0
2024-10-06 05:48:00,2417.21,1.0001
2024-10-06 05:49:00,2417.99,1.0
2024-10-06 05:50:00,2417.83,1.0
2024-10-06 05:51:00,2417.74,1.0001
2024-10-06 05:52:00,2417.22,1.0001
2024-10-06 05:53:00,2416.9,1.0001
2024-10-06 05:54:00,2417.49,1.0001
2024-10-06 05:55:00,2417.65,1.0
2024-10-06 05:56:00,2417.76,1.0
2024-10-06 05:57:00,2417.75,1.0001
2024-10-06 05:58:00,2417.98,1.0001
2024-10-06 05:59:00,2417.5,1.0001
2024-10-06 06:00:00,2417.06,1.0001
2024-10-06 06:01:00,2417.53,1.0
2024-10-06 06:02:00,2417.3,1.0001
2024-10-06 06:03:00,2417.17,1.0001
2024-10-06 06:04:00,2417.39,1.0
2024-10-06 06:05:00,2417.68,1.0
2024-10-06 06:06:00,2417.43,1.0001
2024-10-06 06:07:00,2418.39,1.0
2024-10-06 06:08:00,2418.87,1.0001
2024-10-06 06:09:00,2418.99,1.0001
2024-10-06 06:10:00,2418.84,1.0
2024-10-06 06:11:00,2417.55,1.0
2024-10-06 06:12:00,2417.56,1.0
2024-10-06 06:13:00,2417.0,1.0
2024-10-06 06:14:00,2416.9,1.0
2024-10-06 06:15:00,2417.13,1.0
2024-10-06 06:16:00,2418.75,1.0001
2024-10-06 06:17:00,2418.36,1.0
2024-10-06 06:18:00,2418.49,1.0
2024-10-06 06:19:00,2418.49,1.0001
2024-10-06 06:20:00,2418.68,1.0
2024-10-06 06:21:00,2418.71,1.0001
2024-10-06 06:22:00,2420.44,1.0001
2024-10-06 06:23:00,2420.59,1.0001
2024-10-06 06:24:00,2420.99,1.0001
2024-10-06 06:25:00,2420.97,1.0001
2024-10-06 06:26:00,2420.76,1.0001
2024-10-06 06:27:00,2420.2,1.0001
2024-10-06 06:28:00,2419.66,1.0
2024-10-06 06:29:00,2420.23,1.0
2024-10-06 06:30:00,2419.89,1.0
2024-10-06 06:31:00,2419.69,1.0001
2024-10-06 06:32:00,2419.19,1.0001
2024-10-06 06:33:00,2419.43,1.0001
2024-10-06 06:34:00,2419.02,1.0001
2024-10-06 06:35:00,2419.03,1.0
2024-10-06 06:36:00,2419.04,1.0001
2024-10-06 06:37:00,2419.03,1.0
2024-10-06 06:38:00,2419.16,1.0001
2024-10-06 06:39:00,2418.79,1.0001
2024-10-06 06:40:00,2418.69,1.0001
2024-10-06 06:41:00,2418.2,1.0001
2024-10-06 06:42:00,2418.8,1.0
2024-10-06 06:43:00,2418.09,1.0
2024-10-06 06:44:00,2418.36,1.0
2024-10-06 06:45:00,2418.49,1.0001
2024-10-06 06:46:00,2418.4,1.0001
2024-10-06 06:47:00,2417.48,1.0
2024-10-06 06:48:00,2415.93,1.0
2024-10-06 06:49:00,2414.64,1.0
2024-10-06 06:50:00,2414.46,1.0001
2024-10-06 06:51:00,2415.2,1.0001
2024-10-06 06:52:00,2415.84,1.0
2024-10-06 06:53:00,2416.39,1.0
2024-10-06 06:54:00,2415.71,1.0001
2024-10-06 06:55:00,2415.71,1.0001
2024-10-06 06:56:00,2415.39,1.0001
2024-10-06 06:57:00,2415.91,1.0001
2024-10-06 06:58:00,2415.65,1.0001
2024-10-06 06:59:00,2415.64,1.0001
2024-10-06 07:00:00,2416.13,1.0
2024-10-06 07:01:00,2416.65,1.0
2024-10-06 07:02:00,2416.38,1.0001
2024-10-06 07:03:00,2417.4,1.0001
2024-10-06 07:04:00,2417.16,1.0001
2024-10-06 07:05:00,2418.16,1.0001
2024-10-06 07:06:00,2417.31,1.0001
2024-10-06 07:07:00,2417.74,1.0
2024-10-06 07:08:00,2417.92,1.0001
2024-10-06 07:09:00,2417.52,1.0
2024-10-06 07:10:00,2418.03,1.0
2024-10-06 07:11:00,2418.46,1.0
2024-10-06 07:12:00,2418.66,1.0001
2024-10-06 07:13:00,2418.87,1.0001
2024-10-06 07:14:00,2418.53,1.0
2024-10-06 07:15:00,2418.51,1.0
2024-10-06 07:16:00,2418.52,1.0001
2024-10-06 07:17:00,2417.77,1.0
2024-10-06 07:18:00,2418.99,1.0001
2024-10-06 07:19:00,2419.38,1.0001
2024-10-06 07:20:00,2419.66,1.0001
2024-10-06 07:21:00,2419.66,1.0
2024-10-06 07:22:00,2419.66,1.0
2024-10-06 07:23:00,2419.68,1.0001
2024-10-06 07:24:00,2419.05,1.0
2024-10-06 07:25:00,2418.18,1.0
2024-10-06 07:26:00,2419.08,1.0001
2024-10-06 07:27:00,2419.18,1.0
2024-10-06 07:28:00,2418.56,1.0001
2024-10-06 07:29:00,2418.17,1.0001
2024-10-06 07:30:00,2418.4,1.0
2024-10-06 07:31:00,2418.25,1.0
2024-10-06 07:32:00,2418.55,1.0
2024-10-06 07:33:00,2418.55,1.0
2024-10-06 07:34:00,2418.94,1.0
2024-10-06 07:35:00,2419.19,1.0
2024-10-06 07:36:00,2418.8,0.9999
2024-10-06 07:37:00,2418.78,1.0
2024-10-06 07:38:00,2419.03,0.9999
2024-10-06 07:39:00,2418.32,0.9999
2024-10-06 07:40:00,2418.52,1.0
2024-10-06 07:41:00,2417.01,1.0
2024-10-06 07:42:00,2417.27,1.0
2024-10-06 07:43:00,2416.48,1.0
2024-10-06 07:44:00,2416.46,1.0
2024-10-06 07:45:00,2416.46,1.0
2024-10-06 07:46:00,2416.47,1.0
2024-10-06 07:47:00,2417.19,0.9999
2024-10-06 07:48:00,2417.26,1.0
2024-10-06 07:49:00,2417.26,1.0
2024-10-06 07:50:00,2417.11,0.9999
2024-10-06 07:51:00,2417.8,0.9999
2024-10-06 07:52:00,2418.14,1.0
2024-10-06 07:53:00,2418.5,1.0
2024-10-06 07:54:00,2418.65,1.0
2024-10-06 07:55:00,2417.73,0.9999
2024-10-06 07:56:00,2417.6,0.9999
2024-10-06 07:57:00,2418.0,1.0
2024-10-06 07:58:00,2417.73,1.0
2024-10-06 07:59:00,2417.73,0.9999
2024-10-06 08:00:00,2417.39,0.9999
2024-10-06 08:01:00,2418.33,1.0
2024-10-06 08:02:00,2418.33,1.0
2024-10-06 08:03:00,2418.19,0.9999
2024-10-06 08:04:00,2417.4,1.0
2024-10-06 08:05:00,2417.2,1.0
2024-10-06 08:06:00,2416.66,0.9999
2024-10-06 08:07:00,2416.79,0.9999
2024-10-06 08:08:00,2416.64,0.9999
2024-10-06 08:09:00,2415.64,0.9999
2024-10-06 08:10:00,2416.33,1.0
2024-10-06 08:11:00,2416.5,1.0
2024-10-06 08:12:00,2416.96,0.9999
2024-10-06 08:13:00,2416.63,1.0
2024-10-06 08:14:00,2416.42,1.0
2024-10-06 08:15:00,2416.72,1.0
2024-10-06 08:16:00,2418.03,1.0
2024-10-06 08:17:00,2418.65,1.0
2024-10-06 08:18:00,2419.74,1.0
2024-10-06 08:19:00,2420.81,1.0
2024-10-06 08:20:00,2420.36,1.0
2024-10-06 08:21:00,2420.72,1.0
2024-10-06 08:22:00,2420.99,1.0
2024-10-06 08:23:00,2424.03,0.9999
2024-10-06 08:24:00,2422.88,1.0
2024-10-06 08:25:00,2424.82,1.0
2024-10-06 08:26:00,2425.0,1.0
2024-10-06 08:27:00,2426.04,0.9999
2024-10-06 08:28:00,2425.01,0.9999
2024-10-06 08:29:00,2423.21,1.0
2024-10-06 08:30:00,2423.26,1.0
2024-10-06 08:31:00,2424.32,1.0
2024-10-06 08:32:00,2424.66,1.0
2024-10-06 08:33:00,2424.55,1.0
2024-10-06 08:34:00,2423.09,1.0
2024-10-06 08:35:00,2422.3,0.9999
2024-10-06 08:36:00,2421.13,0.9999
2024-10-06 08:37:00,2421.4,0.9999
2024-10-06 08:38:00,2420.7,0.9999
2024-10-06 08:39:00,2420.97,0.9999
2024-10-06 08:40:00,2420.68,0.9999
2024-10-06 08:41:00,2421.99,1.0
2024-10-06 08:42:00,2420.21,0.9999
2024-10-06 08:43:00,2421.36,0.9999
2024-10-06 08:44:00,2421.68,0.9999
2024-10-06 08:45:00,2421.68,0.9999
2024-10-06 08:46:00,2420.34,0.9999
2024-10-06 08:47:00,2421.03,1.0
2024-10-06 08:48:00,2421.15,0.9999
2024-10-06 08:49:00,2421.97,1.0
2024-10-06 08:50:00,2422.26,1.0
2024-10-06 08:51:00,2422.89,1.0
2024-10-06 08:52:00,2422.62,1.0
2024-10-06 08:53:00,2422.16,1.0
2024-10-06 08:54:00,2422.47,0.9999
2024-10-06 08:55:00,2422.31,1.0
2024-10-06 08:56:00,2420.7,0.9999
2024-10-06 08:57:00,2420.81,1.0
2024-10-06 08:58:00,2420.99,1.0
2024-10-06 08:59:00,2420.71,1.0
2024-10-06 09:00:00,2420.98,0.9999
2024-10-06 09:01:00,2420.99,1.0
2024-10-06 09:02:00,2420.45,1.0
2024-10-06 09:03:00,2421.23,1.0
2024-10-06 09:04:00,2421.23,1.0
2024-10-06 09:05:00,2421.22,1.0
2024-10-06 09:06:00,2421.37,0.9999
2024-10-06 09:07:00,2423.17,1.0
2024-10-06 09:08:00,2422.94,1.0
2024-10-06 09:09:00,2423.4,1.0
2024-10-06 09:10:00,2424.5,1.0
2024-10-06 09:11:00,2423.21,0.9999
2024-10-06 09:12:00,2421.71,1.0
2024-10-06 09:13:00,2420.92,1.0
2024-10-06 09:14:00,2422.26,1.0
2024-10-06 09:15:00,2421.22,0.9999
2024-10-06 09:16:00,2421.37,0.9999
2024-10-06 09:17:00,2422.48,1.0
2024-10-06 09:18:00,2421.86,1.0
2024-10-06 09:19:00,2421.86,1.0
2024-10-06 09:20:00,2422.49,0.9999
2024-10-06 09:21:00,2421.95,1.0
2024-10-06 09:22:00,2423.2,1.0
2024-10-06 09:23:00,2423.3,1.0
2024-10-06 09:24:00,2423.07,1.0
2024-10-06 09:25:00,2423.8,1.0
2024-10-06 09:26:00,2424.59,1.0
2024-10-06 09:27:00,2423.82,1.0
2024-10-06 09:28:00,2424.39,0.9999
2024-10-06 09:29:00,2423.72,1.0
2024-10-06 09:30:00,2423.71,0.9999
2024-10-06 09:31:00,2424.49,1.0
2024-10-06 09:32:00,2423.71,1.0
2024-10-06 09:33:00,2424.13,1.0
2024-10-06 09:34:00,2422.51,1.0
2024-10-06 09:35:00,2422.96,1.0
2024-10-06 09:36:00,2422.92,1.0
2024-10-06 09:37:00,2422.86,1.0
2024-10-06 09:38:00,2422.67,1.0
2024-10-06 09:39:00,2422.57,1.0
2024-10-06 09:40:00,2422.59,0.9999
2024-10-06 09:41:00,2422.95,1.0
2024-10-06 09:42:00,2423.2,1.0
2024-10-06 09:43:00,2424.59,1.0
2024-10-06 09:44:00,2425.69,1.0
2024-10-06 09:45:00,2425.69,1.0
2024-10-06 09:46:00,2425.83,1.0
2024-10-06 09:47:00,2426.13,1.0
2024-10-06 09:48:00,2426.46,1.0
2024-10-06 09:49:00,2426.53,1.0
2024-10-06 09:50:00,2426.7,0.9999
2024-10-06 09:51:00,2424.6,1.0
2024-10-06 09:52:00,2424.15,1.0
2024-10-06 09:53:00,2423.48,0.9999
2024-10-06 09:54:00,2423.59,1.0
2024-10-06 09:55:00,2422.41,1.0
2024-10-06 09:56:00,2423.2,0.9999
2024-10-06 09:57:00,2422.0,1.0
2024-10-06 09:58:00,2422.12,0.9999
2024-10-06 09:59:00,2421.98,1.0
2024-10-06 10:00:00,2422.01,1.0
2024-10-06 10:01:00,2422.13,1.0
2024-10-06 10:02:00,2421.8,1.0
2024-10-06 10:03:00,2422.0,1.0
2024-10-06 10:04:00,2421.89,1.0
2024-10-06 10:05:00,2422.08,1.0
2024-10-06 10:06:00,2421.72,1.0
2024-10-06 10:07:00,2420.17,1.0
2024-10-06 10:08:00,2420.74,1.0001
2024-10-06 10:09:00,2421.25,1.0001
2024-10-06 10:10:00,2420.29,1.0001
2024-10-06 10:11:00,2421.67,1.0001
2024-10-06 10:12:00,2421.6,1.0001
2024-10-06 10:13:00,2421.91,1.0001
2024-10-06 10:14:00,2421.45,1.0001
2024-10-06 10:15:00,2421.45,1.0
2024-10-06 10:16:00,2422.08,1.0001
2024-10-06 10:17:00,2420.8,1.0001
2024-10-06 10:18:00,2421.17,1.0001
2024-10-06 10:19:00,2421.18,1.0
2024-10-06 10:20:00,2420.68,1.0001
2024-10-06 10:21:00,2420.28,1.0
2024-10-06 10:22:00,2419.69,1.0001
2024-10-06 10:23:00,2419.56,1.0001
2024-10-06 10:24:00,2419.49,1.0001
2024-10-06 10:25:00,2420.24,1.0001
2024-10-06 10:26:00,2419.8,1.0
2024-10-06 10:27:00,2420.5,1.0001
2024-10-06 10:28:00,2420.67,1.0
2024-10-06 10:29:00,2420.53,1.0001
2024-10-06 10:30:00,2420.89,1.0
2024-10-06 10:31:00,2420.41,1.0001
2024-10-06 10:32:00,2420.25,1.0
2024-10-06 10:33:00,2419.41,1.0
2024-10-06 10:34:00,2419.4,1.0
2024-10-06 10:35:00,2419.41,1.0
2024-10-06 10:36:00,2419.27,1.0001
2024-10-06 10:37:00,2419.1,1.0
2024-10-06 10:38:00,2419.09,1.0001
2024-10-06 10:39:00,2419.41,1.0001
2024-10-06 10:40:00,2419.89,1.0001
2024-10-06 10:41:00,2419.51,1.0001
2024-10-06 10:42:00,2419.87,1.0
2024-10-06 10:43:00,2419.52,1.0001
2024-10-06 10:44:00,2419.36,1.0001
2024-10-06 10:45:00,2419.56,1.0001
2024-10-06 10:46:00,2419.55,1.0001
2024-10-06 10:47:00,2419.88,1.0001
2024-10-06 10:48:00,2419.88,1.0001
2024-10-06 10:49:00,2420.16,1.0001
2024-10-06 10:50:00,2419.2,1.0
2024-10-06 10:51:00,2420.0,1.0001
2024-10-06 10:52:00,2420.09,1.0001
2024-10-06 10:53:00,2419.72,1.0
2024-10-06 10:54:00,2420.48,1.0001
2024-10-06 10:55:00,2419.72,1.0
2024-10-06 10:56:00,2419.6,1.0001
2024-10-06 10:57:00,2419.92,1.0001
2024-10-06 10:58:00,2420.19,1.0
2024-10-06 10:59:00,2420.04,1.0
2024-10-06 11:00:00,2420.05,1.0
2024-10-06 11:01:00,2419.18,1.0
2024-10-06 11:02:00,2420.68,1.0
2024-10-06 11:03:00,2420.67,1.0001
2024-10-06 11:04:00,2420.67,1.0
2024-10-06 11:05:00,2420.9,1.0001
2024-10-06 11:06:00,2420.03,1.0
2024-10-06 11:07:00,2420.79,1.0001
2024-10-06 11:08:00,2420.89,1.0001
2024-10-06 11:09:00,2421.16,1.0
2024-10-06 11:10:00,2422.35,1.0
2024-10-06 11:11:00,2422.68,1.0
2024-10-06 11:12:00,2421.07,1.0001
2024-10-06 11:13:00,2421.6,1.0001
2024-10-06 11:14:00,2421.6,1.0001
2024-10-06 11:15:00,2421.98,1.0001
2024-10-06 11:16:00,2421.81,1.0
2024-10-06 11:17:00,2422.35,1.0
2024-10-06 11:18:00,2422.28,1.0
2024-10-06 11:19:00,2422.49,1.0001
2024-10-06 11:20:00,2424.12,1.0001
2024-10-06 11:21:00,2424.05,1.0
2024-10-06 11:22:00,2423.64,1.0001
2024-10-06 11:23:00,2424.05,1.0
2024-10-06 11:24:00,2424.0,1.0001
2024-10-06 11:25:00,2424.79,1.0
2024-10-06 11:26:00,2424.33,1.0
2024-10-06 11:27:00,2424.28,1.0
2024-10-06 11:28:00,2425.0,1.0
2024-10-06 11:29:00,2424.69,1.0
2024-10-06 11:30:00,2424.34,1.0001
2024-10-06 11:31:00,2424.69,1.0
2024-10-06 11:32:00,2424.62,1.0
2024-10-06 11:33:00,2424.4,1.0001
2024-10-06 11:34:00,2425.0,1.0
2024-10-06 11:35:00,2426.26,1.0001
2024-10-06 11:36:00,2426.61,1.0001
2024-10-06 11:37:00,2426.47,1.0
2024-10-06 11:38:00,2427.48,1.0001
2024-10-06 11:39:00,2428.41,1.0001
2024-10-06 11:40:00,2429.75,1.0001
2024-10-06 11:41:00,2427.72,1.0001
2024-10-06 11:42:00,2428.77,1.0
2024-10-06 11:43:00,2428.9,1.0
2024-10-06 11:44:00,2429.35,1.0
2024-10-06 11:45:00,2428.65,1.0
2024-10-06 11:46:00,2429.67,1.0
2024-10-06 11:47:00,2429.92,1.0
2024-10-06 11:48:00,2428.32,1.0
2024-10-06 11:49:00,2428.15,1.0001
2024-10-06 11:50:00,2428.73,1.0
2024-10-06 11:51:00,2429.72,1.0001
2024-10-06 11:52:00,2429.34,1.0
2024-10-06 11:53:00,2429.39,1.0
2024-10-06 11:54:00,2429.34,1.0001
2024-10-06 11:55:00,2429.85,1.0001
2024-10-06 11:56:00,2429.23,1.0001
2024-10-06 11:57:00,2429.79,1.0001
2024-10-06 11:58:00,2427.61,1.0001
2024-10-06 11:59:00,2427.44,1.0001
2024-10-06 12:00:00,2426.64,1.0
2024-10-06 12:01:00,2426.98,1.0001
2024-10-06 12:02:00,2427.08,1.0
2024-10-06 12:03:00,2426.0,1.0
2024-10-06 12:04:00,2425.54,1.0
2024-10-06 12:05:00,2426.4,1.0001
2024-10-06 12:06:00,2428.68,1.0
2024-10-06 12:07:00,2429.78,1.0001
2024-10-06 12:08:00,2432.39,1.0001
2024-10-06 12:09:00,2430.47,1.0
2024-10-06 12:10:00,2428.9,1.0001
2024-10-06 12:11:00,2428.83,1.0
2024-10-06 12:12:00,2429.0,1.0
2024-10-06 12:13:00,2428.75,1.0001
2024-10-06 12:14:00,2430.18,1.0001
2024-10-06 12:15:00,2430.61,1.0
2024-10-06 12:16:00,2430.0,1.0001
2024-10-06 12:17:00,2429.28,1.0001
2024-10-06 12:18:00,2429.55,1.0001
2024-10-06 12:19:00,2430.19,1.0
2024-10-06 12:20:00,2430.14,1.0001
2024-10-06 12:21:00,2429.31,1.0001
2024-10-06 12:22:00,2429.85,1.0001
2024-10-06 12:23:00,2430.38,1.0001
2024-10-06 12:24:00,2431.66,1.0001
2024-10-06 12:25:00,2432.6,1.0001
2024-10-06 12:26:00,2432.28,1.0
2024-10-06 12:27:00,2432.0,1.0001
2024-10-06 12:28:00,2432.0,1.0
2024-10-06 12:29:00,2432.16,1.0001
2024-10-06 12:30:00,2430.81,1.0
2024-10-06 12:31:00,2432.0,1.0
2024-10-06 12:32:00,2432.7,1.0001
2024-10-06 12:33:00,2432.66,1.0001
2024-10-06 12:34:00,2432.24,1.0
2024-10-06 12:35:00,2432.51,1.0
2024-10-06 12:36:00,2431.62,1.0001
2024-10-06 12:37:00,2431.42,1.0001
2024-10-06 12:38:00,2432.0,1.0
2024-10-06 12:39:00,2431.55,1.0
2024-10-06 12:40:00,2431.55,1.0
2024-10-06 12:41:00,2430.63,1.0
2024-10-06 12:42:00,2428.5,1.0001
2024-10-06 12:43:00,2429.27,1.0001
2024-10-06 12:44:00,2430.46,1.0
2024-10-06 12:45:00,2429.61,1.0001
2024-10-06 12:46:00,2429.33,1.0
2024-10-06 12:47:00,2429.3,1.0001
2024-10-06 12:48:00,2427.41,1.0001
2024-10-06 12:49:00,2428.38,1.0
2024-10-06 12:50:00,2429.7,1.0
2024-10-06 12:51:00,2429.08,1.0001
2024-10-06 12:52:00,2429.38,1.0001
2024-10-06 12:53:00,2430.09,1.0001
2024-10-06 12:54:00,2430.27,1.0001
2024-10-06 12:55:00,2428.87,1.0
2024-10-06 12:56:00,2428.1,1.0001
2024-10-06 12:57:00,2429.91,1.0001
2024-10-06 12:58:00,2429.59,1.0001
2024-10-06 12:59:00,2429.65,1.0
2024-10-06 13:00:00,2429.42,1.0001
2024-10-06 13:01:00,2430.35,1.0001
2024-10-06 13:02:00,2431.74,1.0
2024-10-06 13:03:00,2432.72,1.0001
2024-10-06 13:04:00,2433.02,1.0001
2024-10-06 13:05:00,2436.35,1.0
2024-10-06 13:06:00,2432.7,1.0001
2024-10-06 13:07:00,2432.54,1.0001
2024-10-06 13:08:00,2431.85,1.0
2024-10-06 13:09:00,2431.04,1.0001
2024-10-06 13:10:00,2430.4,1.0001
2024-10-06 13:11:00,2431.04,1.0001
2024-10-06 13:12:00,2430.98,1.0
2024-10-06 13:13:00,2429.72,1.0001
2024-10-06 13:14:00,2429.92,1.0
2024-10-06 13:15:00,2430.37,1.0
2024-10-06 13:16:00,2430.51,1.0
2024-10-06 13:17:00,2432.0,1.0001
2024-10-06 13:18:00,2432.18,1.0
2024-10-06 13:19:00,2432.17,1.0001
2024-10-06 13:20:00,2432.99,1.0001
2024-10-06 13:21:00,2431.5,1.0
2024-10-06 13:22:00,2431.73,1.0001
2024-10-06 13:23:00,2430.72,1.0
2024-10-06 13:24:00,2430.77,1.0001
2024-10-06 13:25:00,2431.3,1.0
2024-10-06 13:26:00,2430.92,1.0
2024-10-06 13:27:00,2431.5,1.0
2024-10-06 13:28:00,2430.73,1.0001
2024-10-06 13:29:00,2430.73,1.0001
2024-10-06 13:30:00,2429.86,1.0001
2024-10-06 13:31:00,2429.99,1.0
2024-10-06 13:32:00,2430.41,1.0
2024-10-06 13:33:00,2430.33,1.0
2024-10-06 13:34:00,2431.23,1.0001
2024-10-06 13:35:00,2432.9,1.0001
2024-10-06 13:36:00,2433.2,1.0001
2024-10-06 13:37:00,2433.1,1.0001
2024-10-06 13:38:00,2432.76,1.0
2024-10-06 13:39:00,2432.01,1.0001
2024-10-06 13:40:00,2432.29,1.0
2024-10-06 13:41:00,2432.0,1.0
2024-10-06 13:42:00,2431.33,1.0001
2024-10-06 13:43:00,2431.33,1.0
2024-10-06 13:44:00,2431.39,1.0
2024-10-06 13:45:00,2431.39,1.0
2024-10-06 13:46:00,2430.79,1.0001
2024-10-06 13:47:00,2431.2,1.0
2024-10-06 13:48:00,2432.8,1.0
2024-10-06 13:49:00,2433.18,1.0001
2024-10-06 13:50:00,2433.18,1.0
2024-10-06 13:51:00,2433.35,1.0
2024-10-06 13:52:00,2434.28,1.0
2024-10-06 13:53:00,2433.75,1.0001
2024-10-06 13:54:00,2433.74,1.0
2024-10-06 13:55:00,2432.01,1.0
2024-10-06 13:56:00,2432.01,1.0
2024-10-06 13:57:00,2430.4,1.0
2024-10-06 13:58:00,2431.55,1.0001
2024-10-06 13:59:00,2431.55,1.0
2024-10-06 14:00:00,2431.07,1.0
2024-10-06 14:01:00,2430.2,1.0
2024-10-06 14:02:00,2428.28,1.0
2024-10-06 14:03:00,2428.39,1.0001
2024-10-06 14:04:00,2428.25,1.0001
2024-10-06 14:05:00,2427.0,1.0001
2024-10-06 14:06:00,2427.79,1.0
2024-10-06 14:07:00,2428.43,1.0001
2024-10-06 14:08:00,2428.39,1.0
2024-10-06 14:09:00,2428.81,1.0001
2024-10-06 14:10:00,2428.8,1.0
2024-10-06 14:11:00,2430.72,1.0001
2024-10-06 14:12:00,2431.32,1.0
2024-10-06 14:13:00,2431.58,1.0001
2024-10-06 14:14:00,2431.32,1.0
2024-10-06 14:15:00,2431.73,1.0001
2024-10-06 14:16:00,2434.34,1.0001
2024-10-06 14:17:00,2433.41,1.0
2024-10-06 14:18:00,2432.73,1.0001
2024-10-06 14:19:00,2433.14,1.0
2024-10-06 14:20:00,2433.39,1.0001
2024-10-06 14:21:00,2433.21,1.0
2024-10-06 14:22:00,2435.3,1.0001
2024-10-06 14:23:00,2436.12,1.0001
2024-10-06 14:24:00,2436.12,1.0
2024-10-06 14:25:00,2436.94,1.0
2024-10-06 14:26:00,2436.46,1.0001
2024-10-06 14:27:00,2439.14,1.0001
2024-10-06 14:28:00,2439.78,1.0
2024-10-06 14:29:00,2437.92,1.0
2024-10-06 14:30:00,2437.56,1.0
2024-10-06 14:31:00,2438.4,1.0
2024-10-06 14:32:00,2438.83,1.0001
2024-10-06 14:33:00,2436.2,1.0
2024-10-06 14:34:00,2437.12,1.0
2024-10-06 14:35:00,2436.31,1.0001
2024-10-06 14:36:00,2435.84,1.0001
2024-10-06 14:37:00,2438.77,1.0001
2024-10-06 14:38:00,2440.41,1.0001
2024-10-06 14:39:00,2440.83,1.0001
2024-10-06 14:40:00,2443.92,1.0
2024-10-06 14:41:00,2446.6,1.0001
2024-10-06 14:42:00,2449.99,1.0001
2024-10-06 14:43:00,2446.63,1.0001
2024-10-06 14:44:00,2445.81,1.0001
2024-10-06 14:45:00,2448.19,1.0001
2024-10-06 14:46:00,2448.5,1.0
2024-10-06 14:47:00,2447.71,1.0001
2024-10-06 14:48:00,2450.29,1.0
2024-10-06 14:49:00,2445.22,1.0
2024-10-06 14:50:00,2446.8,1.0001
2024-10-06 14:51:00,2447.5,1.0001
2024-10-06 14:52:00,2447.79,1.0
2024-10-06 14:53:00,2448.65,1.0001
2024-10-06 14:54:00,2448.85,1.0001
2024-10-06 14:55:00,2448.3,1.0
2024-10-06 14:56:00,2452.9,1.0001
2024-10-06 14:57:00,2454.13,1.0001
2024-10-06 14:58:00,2455.73,1.0
2024-10-06 14:59:00,2454.01,1.0001
2024-10-06 15:00:00,2452.89,1.0
2024-10-06 15:01:00,2454.87,1.0001
2024-10-06 15:02:00,2451.47,1.0
2024-10-06 15:03:00,2449.44,1.0
2024-10-06 15:04:00,2449.75,1.0
2024-10-06 15:05:00,2446.93,1.0001
2024-10-06 15:06:00,2445.8,1.0
2024-10-06 15:07:00,2445.89,1.0001
2024-10-06 15:08:00,2447.82,1.0
2024-10-06 15:09:00,2447.06,1.0
2024-10-06 15:10:00,2447.67,1.0001
2024-10-06 15:11:00,2449.53,1.0001
2024-10-06 15:12:00,2448.77,1.0
2024-10-06 15:13:00,2447.72,1.0
2024-10-06 15:14:00,2446.22,1.0
2024-10-06 15:15:00,2446.04,1.0
2024-10-06 15:16:00,2447.64,1.0001
2024-10-06 15:17:00,2446.36,1.0001
2024-10-06 15:18:00,2444.39,1.0001
2024-10-06 15:19:00,2444.6,1.0
2024-10-06 15:20:00,2445.7,1.0001
2024-10-06 15:21:00,2443.18,1.0
2024-10-06 15:22:00,2442.79,1.0
2024-10-06 15:23:00,2443.36,1.0001
2024-10-06 15:24:00,2444.18,1.0
2024-10-06 15:25:00,2445.68,1.0001
2024-10-06 15:26:00,2444.24,1.0001
2024-10-06 15:27:00,2441.34,1.0
2024-10-06 15:28:00,2439.79,1.0001
2024-10-06 15:29:00,2441.04,1.0
2024-10-06 15:30:00,2442.4,1.0
2024-10-06 15:31:00,2444.22,1.0
2024-10-06 15:32:00,2442.94,1.0
2024-10-06 15:33:00,2442.82,1.0
2024-10-06 15:34:00,2444.01,1.0
2024-10-06 15:35:00,2444.05,1.0
2024-10-06 15:36:00,2445.82,0.9999
2024-10-06 15:37:00,2445.2,0.9999
2024-10-06 15:38:00,2445.2,1.0
2024-10-06 15:39:00,2446.46,1.0
2024-10-06 15:40:00,2448.31,0.9999
2024-10-06 15:41:00,2448.39,0.9999
2024-10-06 15:42:00,2448.64,0.9999
2024-10-06 15:43:00,2447.83,1.0
2024-10-06 15:44:00,2447.6,0.9999
2024-10-06 15:45:00,2447.72,1.0
2024-10-06 15:46:00,2446.66,1.0
2024-10-06 15:47:00,2445.21,0.9999
2024-10-06 15:48:00,2445.82,1.0
2024-10-06 15:49:00,2445.82,0.9999
2024-10-06 15:50:00,2445.49,1.0
2024-10-06 15:51:00,2445.0,1.0
2024-10-06 15:52:00,2446.89,1.0
2024-10-06 15:53:00,2447.38,1.0
2024-10-06 15:54:00,2447.83,1.0
2024-10-06 15:55:00,2447.04,1.0
2024-10-06 15:56:00,2447.83,1.0
2024-10-06 15:57:00,2447.52,1.0
2024-10-06 15:58:00,2448.0,1.0
2024-10-06 15:59:00,2447.27,1.0001
2024-10-06 16:00:00,2446.62,1.0
2024-10-06 16:01:00,2447.69,1.0001
2024-10-06 16:02:00,2449.44,1.0001
2024-10-06 16:03:00,2450.84,1.0001
2024-10-06 16:04:00,2450.59,1.0001
2024-10-06 16:05:00,2449.88,1.0
2024-10-06 16:06:00,2452.46,1.0001
2024-10-06 16:07:00,2451.69,1.0001
2024-10-06 16:08:00,2452.54,1.0001
2024-10-06 16:09:00,2452.1,1.0
2024-10-06 16:10:00,2448.31,1.0
2024-10-06 16:11:00,2445.99,1.0001
2024-10-06 16:12:00,2444.65,1.0001
2024-10-06 16:13:00,2443.79,1.0
2024-10-06 16:14:00,2443.32,1.0
2024-10-06 16:15:00,2445.12,1.0001
2024-10-06 16:16:00,2444.81,1.0
2024-10-06 16:17:00,2445.51,1.0
2024-10-06 16:18:00,2445.44,1.0001
2024-10-06 16:19:00,2445.82,1.0
2024-10-06 16:20:00,2444.9,1.0001
2024-10-06 16:21:00,2443.79,1.0001
2024-10-06 16:22:00,2443.8,1.0001
2024-10-06 16:23:00,2442.15,1.0
2024-10-06 16:24:00,2441.97,1.0001
2024-10-06 16:25:00,2441.56,1.0
2024-10-06 16:26:00,2440.24,1.0
2024-10-06 16:27:00,2438.2,1.0
2024-10-06 16:28:00,2437.58,1.0001
2024-10-06 16:29:00,2438.94,1.0001
2024-10-06 16:30:00,2440.1,1.0001
2024-10-06 16:31:00,2439.35,1.0
2024-10-06 16:32:00,2441.78,1.0
2024-10-06 16:33:00,2442.02,1.0001
2024-10-06 16:34:00,2442.35,1.0001
2024-10-06 16:35:00,2441.86,1.0001
2024-10-06 16:36:00,2442.07,1.0001
2024-10-06 16:37:00,2442.4,1.0
2024-10-06 16:38:00,2442.2,1.0
2024-10-06 16:39:00,2441.79,1.0
2024-10-06 16:40:00,2442.01,1.0
2024-10-06 16:41:00,2442.8,1.0
2024-10-06 16:42:00,2439.78,1.0
2024-10-06 16:43:00,2441.08,1.0001
2024-10-06 16:44:00,2440.8,1.0
2024-10-06 16:45:00,2439.2,1.0
2024-10-06 16:46:00,2437.31,1.0
2024-10-06 16:47:00,2438.28,1.0
2024-10-06 16:48:00,2438.68,1.0
2024-10-06 16:49:00,2440.2,1.0
2024-10-06 16:50:00,2439.97,1.0
2024-10-06 16:51:00,2439.41,1.0001
2024-10-06 16:52:00,2439.58,1.0
2024-10-06 16:53:00,2439.99,1.0
2024-10-06 16:54:00,2439.88,1.0
2024-10-06 16:55:00,2440.07,1.0
2024-10-06 16:56:00,2441.99,1.0001
2024-10-06 16:57:00,2441.21,1.0
2024-10-06 16:58:00,2438.77,1.0001
2024-10-06 16:59:00,2438.81,1.0001
2024-10-06 17:00:00,2436.99,1.0001
2024-10-06 17:01:00,2437.76,1.0001
2024-10-06 17:02:00,2435.76,1.0
2024-10-06 17:03:00,2436.93,1.0001
2024-10-06 17:04:00,2440.15,1.0001
2024-10-06 17:05:00,2440.81,1.0001
2024-10-06 17:06:00,2439.95,1.0
2024-10-06 17:07:00,2439.99,1.0001
2024-10-06 17:08:00,2439.99,1.0
2024-10-06 17:09:00,2439.32,1.0
2024-10-06 17:10:00,2440.18,1.0
2024-10-06 17:11:00,2440.18,1.0001
2024-10-06 17:12:00,2439.49,1.0
2024-10-06 17:13:00,2440.0,1.0001
2024-10-06 17:14:00,2440.09,1.0
2024-10-06 17:15:00,2439.8,1.0
2024-10-06 17:16:00,2439.53,1.0
2024-10-06 17:17:00,2441.25,1.0
2024-10-06 17:18:00,2442.21,1.0
2024-10-06 17:19:00,2442.2,1.0
2024-10-06 17:20:00,2442.79,1.0
2024-10-06 17:21:00,2443.41,1.0
2024-10-06 17:22:00,2443.58,1.0
2024-10-06 17:23:00,2442.79,1.0
2024-10-06 17:24:00,2443.1,1.0001
2024-10-06 17:25:00,2443.28,1.0
2024-10-06 17:26:00,2442.43,1.0001
2024-10-06 17:27:00,2442.89,1.0001
2024-10-06 17:28:00,2441.52,1.0
2024-10-06 17:29:00,2441.02,1.0
2024-10-06 17:30:00,2441.52,1.0001
2024-10-06 17:31:00,2441.06,1.0001
2024-10-06 17:32:00,2439.78,1.0001
2024-10-06 17:33:00,2440.54,1.0
2024-10-06 17:34:00,2439.02,1.0
2024-10-06 17:35:00,2439.79,1.0
2024-10-06 17:36:00,2439.84,1.0
2024-10-06 17:37:00,2440.72,1.0
2024-10-06 17:38:00,2439.77,1.0001
2024-10-06 17:39:00,2440.27,1.0001
2024-10-06 17:40:00,2440.69,1.0
2024-10-06 17:41:00,2440.01,1.0
2024-10-06 17:42:00,2441.58,1.0
2024-10-06 17:43:00,2441.57,1.0
2024-10-06 17:44:00,2441.62,1.0
2024-10-06 17:45:00,2440.2,1.0
2024-10-06 17:46:00,2442.49,1.0
2024-10-06 17:47:00,2440.4,1.0001
2024-10-06 17:48:00,2439.77,1.0
2024-10-06 17:49:00,2440.8,1.0
2024-10-06 17:50:00,2442.48,1.0001
2024-10-06 17:51:00,2442.8,1.0
2024-10-06 17:52:00,2443.26,1.0
2024-10-06 17:53:00,2443.35,1.0
2024-10-06 17:54:00,2443.36,1.0
2024-10-06 17:55:00,2443.01,1.0
2024-10-06 17:56:00,2442.8,1.0001
2024-10-06 17:57:00,2442.31,1.0001
2024-10-06 17:58:00,2441.99,1.0
2024-10-06 17:59:00,2441.89,1.0
2024-10-06 18:00:00,2441.9,1.0001
2024-10-06 18:01:00,2443.35,1.0
2024-10-06 18:02:00,2443.35,1.0
2024-10-06 18:03:00,2442.85,1.0001
2024-10-06 18:04:00,2443.85,1.0001
2024-10-06 18:05:00,2444.28,1.0001
2024-10-06 18:06:00,2444.5,1.0
2024-10-06 18:07:00,2446.56,1.0001
2024-10-06 18:08:00,2447.13,1.0001
2024-10-06 18:09:00,2447.01,1.0
2024-10-06 18:10:00,2447.53,1.0
2024-10-06 18:11:00,2448.91,1.0
2024-10-06 18:12:00,2448.32,1.0001
2024-10-06 18:13:00,2447.2,1.0
2024-10-06 18:14:00,2446.89,1.0001
2024-10-06 18:15:00,2447.41,1.0001
2024-10-06 18:16:00,2446.9,1.0
2024-10-06 18:17:00,2447.79,1.0001
2024-10-06 18:18:00,2444.82,1.0
2024-10-06 18:19:00,2443.49,1.0
2024-10-06 18:20:00,2442.8,1.0
2024-10-06 18:21:00,2443.77,1.0001
2024-10-06 18:22:00,2444.98,1.0
2024-10-06 18:23:00,2445.57,1.0
2024-10-06 18:24:00,2445.79,1.0
2024-10-06 18:25:00,2446.4,1.0
2024-10-06 18:26:00,2446.9,1.0
2024-10-06 18:27:00,2446.4,1.0001
2024-10-06 18:28:00,2446.04,1.0001
2024-10-06 18:29:00,2446.04,1.0
2024-10-06 18:30:00,2446.76,1.0001
2024-10-06 18:31:00,2445.32,1.0
2024-10-06 18:32:00,2445.89,1.0
2024-10-06 18:33:00,2445.4,1.0
2024-10-06 18:34:00,2446.08,1.0
2024-10-06 18:35:00,2444.43,1.0
2024-10-06 18:36:00,2444.2,1.0
2024-10-06 18:37:00,2445.4,1.0
2024-10-06 18:38:00,2445.67,1.0001
2024-10-06 18:39:00,2444.49,1.0
2024-10-06 18:40:00,2445.4,1.0001
2024-10-06 18:41:00,2445.51,1.0001
2024-10-06 18:42:00,2446.02,1.0001
2024-10-06 18:43:00,2446.18,1.0001
2024-10-06 18:44:00,2445.1,1.0
2024-10-06 18:45:00,2444.81,1.0001
2024-10-06 18:46:00,2445.49,1.0
2024-10-06 18:47:00,2444.61,1.0001
2024-10-06 18:48:00,2444.79,1.0001
2024-10-06 18:49:00,2445.0,1.0001
2024-10-06 18:50:00,2445.82,1.0001
2024-10-06 18:51:00,2445.61,1.0
2024-10-06 18:52:00,2446.37,1.0001
2024-10-06 18:53:00,2446.81,1.0
2024-10-06 18:54:00,2446.38,1.0
2024-10-06 18:55:00,2446.38,1.0
2024-10-06 18:56:00,2446.99,1.0001
2024-10-06 18:57:00,2446.09,1.0001
2024-10-06 18:58:00,2447.66,1.0
2024-10-06 18:59:00,2447.82,1.0
2024-10-06 19:00:00,2446.33,1.0
2024-10-06 19:01:00,2447.02,1.0
2024-10-06 19:02:00,2447.84,1.0
2024-10-06 19:03:00,2449.43,1.0001
2024-10-06 19:04:00,2449.84,1.0
2024-10-06 19:05:00,2450.48,1.0001
2024-10-06 19:06:00,2452.36,1.0
2024-10-06 19:07:00,2450.11,1.0
2024-10-06 19:08:00,2451.55,1.0001
2024-10-06 19:09:00,2452.7,1.0
2024-10-06 19:10:00,2450.63,0.9999
2024-10-06 19:11:00,2451.5,0.9999
2024-10-06 19:12:00,2450.48,0.9999
2024-10-06 19:13:00,2449.81,1.0
2024-10-06 19:14:00,2450.79,1.0
2024-10-06 19:15:00,2450.78,0.9999
2024-10-06 19:16:00,2451.65,1.0
2024-10-06 19:17:00,2451.21,1.0
2024-10-06 19:18:00,2452.34,1.0
2024-10-06 19:19:00,2450.41,0.9999
2024-10-06 19:20:00,2450.01,1.0
2024-10-06 19:21:00,2449.84,0.9999
2024-10-06 19:22:00,2449.8,1.0
2024-10-06 19:23:00,2450.29,1.0
2024-10-06 19:24:00,2449.43,1.0
2024-10-06 19:25:00,2450.0,1.0
2024-10-06 19:26:00,2449.57,0.9999
2024-10-06 19:27:00,2449.92,0.9999
2024-10-06 19:28:00,2450.13,0.9999
2024-10-06 19:29:00,2450.36,0.9999
2024-10-06 19:30:00,2451.6,1.0
2024-10-06 19:31:00,2452.6,1.0
2024-10-06 19:32:00,2449.02,0.9999
2024-10-06 19:33:00,2447.51,1.0
2024-10-06 19:34:00,2445.99,1.0
2024-10-06 19:35:00,2446.2,0.9999
2024-10-06 19:36:00,2447.09,0.9999
2024-10-06 19:37:00,2447.23,1.0
2024-10-06 19:38:00,2446.7,1.0
2024-10-06 19:39:00,2445.83,0.9999
2024-10-06 19:40:00,2446.55,1.0
2024-10-06 19:41:00,2445.52,0.9999
2024-10-06 19:42:00,2444.2,0.9999
2024-10-06 19:43:00,2444.7,1.0
2024-10-06 19:44:00,2445.3,1.0
2024-10-06 19:45:00,2444.36,0.9999
2024-10-06 19:46:00,2444.2,1.0
2024-10-06 19:47:00,2444.78,0.9999
2024-10-06 19:48:00,2444.97,1.0
2024-10-06 19:49:00,2444.9,0.9999
2024-10-06 19:50:00,2443.68,1.0
2024-10-06 19:51:00,2443.8,1.0
2024-10-06 19:52:00,2443.29,0.9999
2024-10-06 19:53:00,2441.51,1.0
2024-10-06 19:54:00,2441.01,0.9999
2024-10-06 19:55:00,2441.0,1.0
2024-10-06 19:56:00,2439.31,0.9999
2024-10-06 19:57:00,2439.0,1.0
2024-10-06 19:58:00,2441.51,0.9999
2024-10-06 19:59:00,2441.31,0.9999
2024-10-06 20:00:00,2441.4,1.0
2024-10-06 20:01:00,2441.79,1.0
2024-10-06 20:02:00,2440.08,1.0
2024-10-06 20:03:00,2439.77,1.0
2024-10-06 20:04:00,2440.79,1.0
2024-10-06 20:05:00,2441.39,1.0
2024-10-06 20:06:00,2439.86,0.9999
2024-10-06 20:07:00,2440.59,1.0
2024-10-06 20:08:00,2439.85,1.0
2024-10-06 20:09:00,2440.37,0.9999
2024-10-06 20:10:00,2440.5,0.9999
2024-10-06 20:11:00,2441.27,0.9999
2024-10-06 20:12:00,2442.9,1.0
2024-10-06 20:13:00,2443.4,1.0
2024-10-06 20:14:00,2443.79,1.0
2024-10-06 20:15:00,2443.7,0.9999
2024-10-06 20:16:00,2443.85,1.0
2024-10-06 20:17:00,2443.09,1.0
2024-10-06 20:18:00,2444.36,0.9999
2024-10-06 20:19:00,2442.79,1.0
2024-10-06 20:20:00,2442.65,0.9999
2024-10-06 20:21:00,2441.64,1.0
2024-10-06 20:22:00,2440.5,1.0
2024-10-06 20:23:00,2442.79,1.0
2024-10-06 20:24:00,2441.29,1.0
2024-10-06 20:25:00,2441.2,1.0
2024-10-06 20:26:00,2441.0,1.0
2024-10-06 20:27:00,2441.46,1.0
2024-10-06 20:28:00,2441.16,1.0
2024-10-06 20:29:00,2441.79,1.0
2024-10-06 20:30:00,2441.5,0.9999
2024-10-06 20:31:00,2441.06,1.0
2024-10-06 20:32:00,2442.64,1.0
2024-10-06 20:33:00,2441.8,0.9999
2024-10-06 20:34:00,2440.99,1.0
2024-10-06 20:35:00,2440.1,0.9999
2024-10-06 20:36:00,2440.26,1.0
2024-10-06 20:37:00,2440.37,1.0
2024-10-06 20:38:00,2439.78,0.9999
2024-10-06 20:39:00,2440.0,0.9999
2024-10-06 20:40:00,2439.57,1.0
2024-10-06 20:41:00,2439.77,1.0
2024-10-06 20:42:00,2439.77,1.0
2024-10-06 20:43:00,2439.77,0.9999
2024-10-06 20:44:00,2440.7,1.0
2024-10-06 20:45:00,2440.41,1.0
2024-10-06 20:46:00,2439.11,1.0
2024-10-06 20:47:00,2439.8,0.9999
2024-10-06 20:48:00,2439.15,1.0
2024-10-06 20:49:00,2438.76,1.0
2024-10-06 20:50:00,2438.78,0.9999
2024-10-06 20:51:00,2438.29,0.9999
2024-10-06 20:52:00,2438.19,1.0
2024-10-06 20:53:00,2438.5,1.0
2024-10-06 20:54:00,2438.51,0.9999
2024-10-06 20:55:00,2438.07,0.9999
2024-10-06 20:56:00,2438.39,0.9999
2024-10-06 20:57:00,2438.07,0.9999
2024-10-06 20:58:00,2437.73,1.0
2024-10-06 20:59:00,2438.78,0.9999
2024-10-06 21:00:00,2438.77,1.0
2024-10-06 21:01:00,2438.6,1.0
2024-10-06 21:02:00,2440.78,1.0
2024-10-06 21:03:00,2441.52,1.0
2024-10-06 21:04:00,2441.27,1.0
2024-10-06 21:05:00,2442.3,1.0
2024-10-06 21:06:00,2442.2,1.0
2024-10-06 21:07:00,2442.19,0.9999
2024-10-06 21:08:00,2441.2,0.9999
2024-10-06 21:09:00,2441.11,1.0
2024-10-06 21:10:00,2441.11,1.0
2024-10-06 21:11:00,2440.37,1.0
2024-10-06 21:12:00,2440.37,1.0
2024-10-06 21:13:00,2440.9,1.0
2024-10-06 21:14:00,2439.42,1.0
2024-10-06 21:15:00,2438.87,1.0
2024-10-06 21:16:00,2438.82,1.0
2024-10-06 21:17:00,2438.78,0.9999
2024-10-06 21:18:00,2440.19,0.9999
2024-10-06 21:19:00,2437.59,1.0
2024-10-06 21:20:00,2436.64,0.9999
2024-10-06 21:21:00,2435.54,0.9999
2024-10-06 21:22:00,2435.54,0.9999
2024-10-06 21:23:00,2435.54,0.9999
2024-10-06 21:24:00,2431.73,1.0
2024-10-06 21:25:00,2433.19,1.0
2024-10-06 21:26:00,2434.07,0.9999
2024-10-06 21:27:00,2433.44,1.0
2024-10-06 21:28:00,2433.16,1.0
2024-10-06 21:29:00,2433.87,0.9999
2024-10-06 21:30:00,2434.75,1.0
2024-10-06 21:31:00,2434.31,1.0
2024-10-06 21:32:00,2435.53,1.0
2024-10-06 21:33:00,2436.51,0.9999
2024-10-06 21:34:00,2437.49,1.0
2024-10-06 21:35:00,2437.81,1.0
2024-10-06 21:36:00,2437.58,1.0
2024-10-06 21:37:00,2433.36,1.0
2024-10-06 21:38:00,2434.38,1.0
2024-10-06 21:39:00,2434.0,0.9999
2024-10-06 21:40:00,2433.12,1.0
2024-10-06 21:41:00,2432.5,1.0001
2024-10-06 21:42:00,2431.69,1.0
2024-10-06 21:43:00,2430.96,1.0001
2024-10-06 21:44:00,2429.42,1.0001
2024-10-06 21:45:00,2429.57,1.0
2024-10-06 21:46:00,2428.3,1.0001
2024-10-06 21:47:00,2424.69,1.0
2024-10-06 21:48:00,2424.35,1.0001
2024-10-06 21:49:00,2417.79,1.0
2024-10-06 21:50:00,2416.75,1.0
2024-10-06 21:51:00,2419.82,1.0001
2024-10-06 21:52:00,2421.55,1.0
2024-10-06 21:53:00,2420.29,1.0001
2024-10-06 21:54:00,2420.67,1.0
2024-10-06 21:55:00,2420.88,1.0001
2024-10-06 21:56:00,2419.49,1.0001
2024-10-06 21:57:00,2417.4,1.0
2024-10-06 21:58:00,2417.49,1.0
2024-10-06 21:59:00,2416.79,1.0
2024-10-06 22:00:00,2417.83,1.0001
2024-10-06 22:01:00,2418.82,1.0001
2024-10-06 22:02:00,2420.0,1.0
2024-10-06 22:03:00,2422.44,1.0001
2024-10-06 22:04:00,2420.02,1.0001
2024-10-06 22:05:00,2422.56,1.0
2024-10-06 22:06:00,2424.15,1.0
2024-10-06 22:07:00,2423.41,1.0
2024-10-06 22:08:00,2424.87,1.0001
2024-10-06 22:09:00,2424.25,1.0
2024-10-06 22:10:00,2425.29,1.0001
2024-10-06 22:11:00,2426.79,1.0
2024-10-06 22:12:00,2426.69,1.0001
2024-10-06 22:13:00,2426.71,1.0
2024-10-06 22:14:00,2426.07,1.0
2024-10-06 22:15:00,2425.88,1.0
2024-10-06 22:16:00,2423.99,1.0001
2024-10-06 22:17:00,2425.46,1.0001
2024-10-06 22:18:00,2425.2,1.0
2024-10-06 22:19:00,2425.22,1.0001
2024-10-06 22:20:00,2428.2,1.0001
2024-10-06 22:21:00,2425.21,1.0
2024-10-06 22:22:00,2423.85,1.0
2024-10-06 22:23:00,2424.4,1.0
2024-10-06 22:24:00,2424.0,1.0001
2024-10-06 22:25:00,2424.69,1.0001
2024-10-06 22:26:00,2425.19,1.0001
2024-10-06 22:27:00,2425.11,1.0001
2024-10-06 22:28:00,2425.38,1.0
2024-10-06 22:29:00,2426.08,1.0
2024-10-06 22:30:00,2425.54,1.0001
2024-10-06 22:31:00,2424.59,1.0001
2024-10-06 22:32:00,2424.76,1.0001
2024-10-06 22:33:00,2425.61,1.0
2024-10-06 22:34:00,2425.1,1.0
2024-10-06 22:35:00,2424.81,1.0
2024-10-06 22:36:00,2426.01,1.0001
2024-10-06 22:37:00,2426.79,1.0001
2024-10-06 22:38:00,2428.28,1.0001
2024-10-06 22:39:00,2428.56,1.0001
2024-10-06 22:40:00,2429.05,1.0001
2024-10-06 22:41:00,2429.39,1.0001
2024-10-06 22:42:00,2429.6,1.0001
2024-10-06 22:43:00,2429.31,1.0001
2024-10-06 22:44:00,2429.88,1.0
2024-10-06 22:45:00,2429.72,1.0001
2024-10-06 22:46:00,2429.52,1.0
2024-10-06 22:47:00,2430.2,1.0
2024-10-06 22:48:00,2430.73,1.0001
2024-10-06 22:49:00,2429.6,1.0
2024-10-06 22:50:00,2430.54,1.0001
2024-10-06 22:51:00,2430.49,1.0001
2024-10-06 22:52:00,2429.72,1.0001
2024-10-06 22:53:00,2430.42,1.0001
2024-10-06 22:54:00,2430.0,1.0
2024-10-06 22:55:00,2429.72,1.0
2024-10-06 22:56:00,2430.24,1.0001
2024-10-06 22:57:00,2430.35,1.0001
2024-10-06 22:58:00,2431.14,1.0
2024-10-06 22:59:00,2431.97,1.0001
2024-10-06 23:00:00,2431.9,1.0
2024-10-06 23:01:00,2435.29,1.0001
2024-10-06 23:02:00,2438.2,1.0
2024-10-06 23:03:00,2443.44,1.0001
2024-10-06 23:04:00,2440.7,1.0001
2024-10-06 23:05:00,2438.24,1.0
2024-10-06 23:06:00,2434.43,1.0001
2024-10-06 23:07:00,2436.6,1.0001
2024-10-06 23:08:00,2436.67,1.0
2024-10-06 23:09:00,2437.79,1.0001
2024-10-06 23:10:00,2437.6,1.0
2024-10-06 23:11:00,2437.28,1.0
2024-10-06 23:12:00,2435.77,1.0
2024-10-06 23:13:00,2436.54,1.0
2024-10-06 23:14:00,2434.36,1.0
2024-10-06 23:15:00,2434.95,1.0001
2024-10-06 23:16:00,2434.22,1.0001
2024-10-06 23:17:00,2434.03,1.0
2024-10-06 23:18:00,2436.29,1.0001
2024-10-06 23:19:00,2436.57,1.0
2024-10-06 23:20:00,2437.83,1.0001
2024-10-06 23:21:00,2439.25,1.0001
2024-10-06 23:22:00,2439.48,1.0001
2024-10-06 23:23:00,2440.0,1.0001
2024-10-06 23:24:00,2440.41,1.0001
2024-10-06 23:25:00,2438.78,1.0001
2024-10-06 23:26:00,2439.28,1.0001
2024-10-06 23:27:00,2438.28,1.0001
2024-10-06 23:28:00,2439.97,1.0
2024-10-06 23:29:00,2439.34,1.0001
2024-10-06 23:30:00,2438.82,1.0001
2024-10-06 23:31:00,2438.57,1.0001
2024-10-06 23:32:00,2437.01,1.0001
2024-10-06 23:33:00,2435.78,1.0
2024-10-06 23:34:00,2436.65,1.0001
2024-10-06 23:35:00,2436.76,1.0001
2024-10-06 23:36:00,2436.1,1.0
2024-10-06 23:37:00,2436.1,1.0
2024-10-06 23:38:00,2436.97,1.0001
2024-10-06 23:39:00,2439.78,1.0
2024-10-06 23:40:00,2439.8,1.0001
2024-10-06 23:41:00,2439.14,1.0
2024-10-06 23:42:00,2439.61,1.0001
2024-10-06 23:43:00,2440.79,1.0001
2024-10-06 23:44:00,2442.49,1.0001
2024-10-06 23:45:00,2442.0,1.0
2024-10-06 23:46:00,2440.48,1.0001
2024-10-06 23:47:00,2439.22,1.0001
2024-10-06 23:48:00,2439.05,1.0
2024-10-06 23:49:00,2440.21,1.0001
2024-10-06 23:50:00,2439.26,1.0001
2024-10-06 23:51:00,2438.8,1.0
2024-10-06 23:52:00,2438.77,1.0001
2024-10-06 23:53:00,2437.76,1.0
2024-10-06 23:54:00,2438.4,1.0
2024-10-06 23:55:00,2438.35,1.0
2024-10-06 23:56:00,2437.8,1.0001
2024-10-06 23:57:00,2438.54,1.0001
2024-10-06 23:58:00,2439.65,1.0001
2024-10-06 23:59:00,2440.3,1.0
2024-10-07 00:00:00,2440.02,1.0
