time,price_A,price_B
2024-11-18 00:00:00,87.2,1
2024-11-18 00:01:00,87.14,1
2024-11-18 00:02:00,86.99,1
2024-11-18 00:03:00,87.11,1
2024-11-18 00:04:00,86.99,1
2024-11-18 00:05:00,87.19,1
2024-11-18 00:06:00,87.18,1
2024-11-18 00:07:00,87.32,1
2024-11-18 00:08:00,87.49,1
2024-11-18 00:09:00,87.37,1
2024-11-18 00:10:00,87.34,1
2024-11-18 00:11:00,87.11,1
2024-11-18 00:12:00,87.11,1
2024-11-18 00:13:00,87.26,1
2024-11-18 00:14:00,87.51,1
2024-11-18 00:15:00,87.52,1
2024-11-18 00:16:00,87.38,1
2024-11-18 00:17:00,87.29,1
2024-11-18 00:18:00,87.57,1
2024-11-18 00:19:00,87.52,1
2024-11-18 00:20:00,87.33,1
2024-11-18 00:21:00,87.42,1
2024-11-18 00:22:00,87.13,1
2024-11-18 00:23:00,87.04,1
2024-11-18 00:24:00,87.23,1
2024-11-18 00:25:00,87.08,1
2024-11-18 00:26:00,87.18,1
2024-11-18 00:27:00,87.1,1
2024-11-18 00:28:00,87.35,1
2024-11-18 00:29:00,87.28,1
2024-11-18 00:30:00,87.31,1
2024-11-18 00:31:00,87.86,1
2024-11-18 00:32:00,87.69,1
2024-11-18 00:33:00,87.5,1
2024-11-18 00:34:00,87.55,1
2024-11-18 00:35:00,87.57,1
2024-11-18 00:36:00,87.61,1
2024-11-18 00:37:00,87.95,1
2024-11-18 00:38:00,87.94,1
2024-11-18 00:39:00,88.01,1
2024-11-18 00:40:00,88.17,1
2024-11-18 00:41:00,88.07,1
2024-11-18 00:42:00,88.08,1
2024-11-18 00:43:00,87.93,1
2024-11-18 00:44:00,87.81,1
2024-11-18 00:45:00,87.82,1
2024-11-18 00:46:00,87.81,1
2024-11-18 00:47:00,87.83,1
2024-11-18 00:48:00,87.88,1
2024-11-18 00:49:00,87.64,1
2024-11-18 00:50:00,87.57,1
2024-11-18 00:51:00,87.47,1
2024-11-18 00:52:00,87.41,1
2024-11-18 00:53:00,87.2,1
2024-11-18 00:54:00,87.43,1
2024-11-18 00:55:00,87.51,1
2024-11-18 00:56:00,87.58,1
2024-11-18 00:57:00,87.6,1
2024-11-18 00:58:00,87.54,1
2024-11-18 00:59:00,87.44,1
2024-11-18 01:00:00,87.51,1
2024-11-18 01:01:00,87.57,1
2024-11-18 01:02:00,87.52,1
2024-11-18 01:03:00,87.57,1
2024-11-18 01:04:00,87.48,1
2024-11-18 01:05:00,87.5,1
2024-11-18 01:06:00,87.68,1
2024-11-18 01:07:00,87.76,1
2024-11-18 01:08:00,87.79,1
2024-11-18 01:09:00,87.85,1
2024-11-18 01:10:00,87.94,1
2024-11-18 01:11:00,87.88,1
2024-11-18 01:12:00,88.07,1
2024-11-18 01:13:00,88.14,1
2024-11-18 01:14:00,88.16,1
2024-11-18 01:15:00,88.13,1
2024-11-18 01:16:00,88.17,1
2024-11-18 01:17:00,88.38,1
2024-11-18 01:18:00,88.73,1
2024-11-18 01:19:00,88.77,1
2024-11-18 01:20:00,88.67,1
2024-11-18 01:21:00,88.55,1
2024-11-18 01:22:00,88.77,1
2024-11-18 01:23:00,88.61,1
2024-11-18 01:24:00,88.32,1
2024-11-18 01:25:00,88.33,1
2024-11-18 01:26:00,88.31,1
2024-11-18 01:27:00,88.36,1
2024-11-18 01:28:00,88.41,1
2024-11-18 01:29:00,88.49,1
2024-11-18 01:30:00,88.5,1
2024-11-18 01:31:00,88.73,1
2024-11-18 01:32:00,88.85,1
2024-11-18 01:33:00,88.84,1
2024-11-18 01:34:00,88.79,1
2024-11-18 01:35:00,88.84,1
2024-11-18 01:36:00,88.76,1
2024-11-18 01:37:00,88.78,1
2024-11-18 01:38:00,88.88,1
2024-11-18 01:39:00,89.15,1
2024-11-18 01:40:00,89.01,1
2024-11-18 01:41:00,89.49,1
2024-11-18 01:42:00,89.4,1
2024-11-18 01:43:00,89.38,1
2024-11-18 01:44:00,89.53,1
2024-11-18 01:45:00,89.55,1
2024-11-18 01:46:00,89.45,1
2024-11-18 01:47:00,89.52,1
2024-11-18 01:48:00,89.61,1
2024-11-18 01:49:00,89.64,1
2024-11-18 01:50:00,89.84,1
2024-11-18 01:51:00,89.54,1
2024-11-18 01:52:00,89.86,1
2024-11-18 01:53:00,90.24,1
2024-11-18 01:54:00,90.2,1
2024-11-18 01:55:00,90.02,1
2024-11-18 01:56:00,90.77,1
2024-11-18 01:57:00,90.59,1
2024-11-18 01:58:00,90.81,1
2024-11-18 01:59:00,90.84,1
2024-11-18 02:00:00,90.67,1
2024-11-18 02:01:00,90.46,1
2024-11-18 02:02:00,90.48,1
2024-11-18 02:03:00,90.22,1
2024-11-18 02:04:00,90.32,1
2024-11-18 02:05:00,90.15,1
2024-11-18 02:06:00,90.4,1
2024-11-18 02:07:00,90.34,1
2024-11-18 02:08:00,90.31,1
2024-11-18 02:09:00,90.07,1
2024-11-18 02:10:00,90.18,1
2024-11-18 02:11:00,90.21,1
2024-11-18 02:12:00,90.72,1
2024-11-18 02:13:00,90.43,1
2024-11-18 02:14:00,90.54,1
2024-11-18 02:15:00,90.38,1
2024-11-18 02:16:00,90.4,1
2024-11-18 02:17:00,90.35,1
2024-11-18 02:18:00,90.45,1
2024-11-18 02:19:00,90.38,1
2024-11-18 02:20:00,90.45,1
2024-11-18 02:21:00,90.5,1
2024-11-18 02:22:00,90.26,1
2024-11-18 02:23:00,90.53,1
2024-11-18 02:24:00,90.48,1
2024-11-18 02:25:00,90.72,1
2024-11-18 02:26:00,90.6,1
2024-11-18 02:27:00,90.37,1
2024-11-18 02:28:00,90.14,1
2024-11-18 02:29:00,90.1,1
2024-11-18 02:30:00,90.19,1
2024-11-18 02:31:00,90.46,1
2024-11-18 02:32:00,90.4,1
2024-11-18 02:33:00,90.13,1
2024-11-18 02:34:00,90.14,1
2024-11-18 02:35:00,90.29,1
2024-11-18 02:36:00,90.51,1
2024-11-18 02:37:00,90.66,1
2024-11-18 02:38:00,90.68,1
2024-11-18 02:39:00,90.45,1
2024-11-18 02:40:00,90.39,1
2024-11-18 02:41:00,90.4,1
2024-11-18 02:42:00,90.44,1
2024-11-18 02:43:00,90.58,1
2024-11-18 02:44:00,90.6,1
2024-11-18 02:45:00,90.44,1
2024-11-18 02:46:00,90.66,1
2024-11-18 02:47:00,90.65,1
2024-11-18 02:48:00,90.61,1
2024-11-18 02:49:00,90.54,1
2024-11-18 02:50:00,90.53,1
2024-11-18 02:51:00,90.5,1
2024-11-18 02:52:00,90.91,1
2024-11-18 02:53:00,90.76,1
2024-11-18 02:54:00,90.76,1
2024-11-18 02:55:00,90.51,1
2024-11-18 02:56:00,90.57,1
2024-11-18 02:57:00,90.53,1
2024-11-18 02:58:00,90.57,1
2024-11-18 02:59:00,90.27,1
2024-11-18 03:00:00,90.31,1
2024-11-18 03:01:00,90.18,1
2024-11-18 03:02:00,90.29,1
2024-11-18 03:03:00,90.02,1
2024-11-18 03:04:00,90.14,1
2024-11-18 03:05:00,90.21,1
2024-11-18 03:06:00,89.8,1
2024-11-18 03:07:00,89.76,1
2024-11-18 03:08:00,89.8,1
2024-11-18 03:09:00,89.56,1
2024-11-18 03:10:00,89.63,1
2024-11-18 03:11:00,89.88,1
2024-11-18 03:12:00,90.03,1
2024-11-18 03:13:00,90.1,1
2024-11-18 03:14:00,90.2,1
2024-11-18 03:15:00,90.11,1
2024-11-18 03:16:00,90.32,1
2024-11-18 03:17:00,90.39,1
2024-11-18 03:18:00,90.66,1
2024-11-18 03:19:00,90.83,1
2024-11-18 03:20:00,90.89,1
2024-11-18 03:21:00,90.78,1
2024-11-18 03:22:00,90.76,1
2024-11-18 03:23:00,90.72,1
2024-11-18 03:24:00,90.58,1
2024-11-18 03:25:00,90.43,1
2024-11-18 03:26:00,90.37,1
2024-11-18 03:27:00,90.29,1
2024-11-18 03:28:00,90.07,1
2024-11-18 03:29:00,90.34,1
2024-11-18 03:30:00,90.28,1
2024-11-18 03:31:00,90.49,1
2024-11-18 03:32:00,91.2,1
2024-11-18 03:33:00,91.24,1
2024-11-18 03:34:00,91.5,1
2024-11-18 03:35:00,91.38,1
2024-11-18 03:36:00,91.68,1
2024-11-18 03:37:00,91.84,1
2024-11-18 03:38:00,91.74,1
2024-11-18 03:39:00,91.93,1
2024-11-18 03:40:00,91.68,1
2024-11-18 03:41:00,91.78,1
2024-11-18 03:42:00,91.78,1
2024-11-18 03:43:00,92.21,1
2024-11-18 03:44:00,92.23,1
2024-11-18 03:45:00,92.39,1
2024-11-18 03:46:00,92.7,1
2024-11-18 03:47:00,92.61,1
2024-11-18 03:48:00,92.61,1
2024-11-18 03:49:00,92.75,1
2024-11-18 03:50:00,92.95,1
2024-11-18 03:51:00,92.96,1
2024-11-18 03:52:00,93.09,1
2024-11-18 03:53:00,93.17,1
2024-11-18 03:54:00,93.41,1
2024-11-18 03:55:00,93.25,1
2024-11-18 03:56:00,93.03,1
2024-11-18 03:57:00,93.84,1
2024-11-18 03:58:00,94.09,1
2024-11-18 03:59:00,94.41,1
2024-11-18 04:00:00,94.63,1
2024-11-18 04:01:00,94.11,1
2024-11-18 04:02:00,94.06,1
2024-11-18 04:03:00,93.79,1
2024-11-18 04:04:00,93.64,1
2024-11-18 04:05:00,93.41,1
2024-11-18 04:06:00,93.48,1
2024-11-18 04:07:00,93.46,1
2024-11-18 04:08:00,93.32,1
2024-11-18 04:09:00,93.21,1
2024-11-18 04:10:00,93.16,1
2024-11-18 04:11:00,93.43,1
2024-11-18 04:12:00,93.69,1
2024-11-18 04:13:00,93.42,1
2024-11-18 04:14:00,93.0,1
2024-11-18 04:15:00,92.92,1
2024-11-18 04:16:00,92.87,1
2024-11-18 04:17:00,92.7,1
2024-11-18 04:18:00,92.6,1
2024-11-18 04:19:00,92.53,1
2024-11-18 04:20:00,92.79,1
2024-11-18 04:21:00,92.85,1
2024-11-18 04:22:00,92.71,1
2024-11-18 04:23:00,92.59,1
2024-11-18 04:24:00,92.56,1
2024-11-18 04:25:00,92.59,1
2024-11-18 04:26:00,92.49,1
2024-11-18 04:27:00,92.42,1
2024-11-18 04:28:00,92.53,1
2024-11-18 04:29:00,92.61,1
2024-11-18 04:30:00,92.64,1
2024-11-18 04:31:00,93.25,1
2024-11-18 04:32:00,93.3,1
2024-11-18 04:33:00,93.37,1
2024-11-18 04:34:00,93.35,1
2024-11-18 04:35:00,93.43,1
2024-11-18 04:36:00,93.54,1
2024-11-18 04:37:00,93.8,1
2024-11-18 04:38:00,93.44,1
2024-11-18 04:39:00,93.6,1
2024-11-18 04:40:00,93.17,1
2024-11-18 04:41:00,92.95,1
2024-11-18 04:42:00,93.2,1
2024-11-18 04:43:00,93.18,1
2024-11-18 04:44:00,93.33,1
2024-11-18 04:45:00,93.12,1
2024-11-18 04:46:00,93.09,1
2024-11-18 04:47:00,92.78,1
2024-11-18 04:48:00,92.89,1
2024-11-18 04:49:00,92.9,1
2024-11-18 04:50:00,92.76,1
2024-11-18 04:51:00,92.65,1
2024-11-18 04:52:00,92.66,1
2024-11-18 04:53:00,92.54,1
2024-11-18 04:54:00,92.48,1
2024-11-18 04:55:00,92.57,1
2024-11-18 04:56:00,92.5,1
2024-11-18 04:57:00,92.39,1
2024-11-18 04:58:00,92.48,1
2024-11-18 04:59:00,92.43,1
2024-11-18 05:00:00,92.43,1
2024-11-18 05:01:00,92.62,1
2024-11-18 05:02:00,92.83,1
2024-11-18 05:03:00,92.8,1
2024-11-18 05:04:00,92.72,1
2024-11-18 05:05:00,92.9,1
2024-11-18 05:06:00,93.08,1
2024-11-18 05:07:00,93.24,1
2024-11-18 05:08:00,93.35,1
2024-11-18 05:09:00,93.36,1
2024-11-18 05:10:00,92.87,1
2024-11-18 05:11:00,92.82,1
2024-11-18 05:12:00,92.93,1
2024-11-18 05:13:00,92.9,1
2024-11-18 05:14:00,93.04,1
2024-11-18 05:15:00,92.87,1
2024-11-18 05:16:00,92.94,1
2024-11-18 05:17:00,92.98,1
2024-11-18 05:18:00,93.09,1
2024-11-18 05:19:00,93.18,1
2024-11-18 05:20:00,93.24,1
2024-11-18 05:21:00,93.25,1
2024-11-18 05:22:00,93.12,1
2024-11-18 05:23:00,93.2,1
2024-11-18 05:24:00,93.21,1
2024-11-18 05:25:00,93.52,1
2024-11-18 05:26:00,93.46,1
2024-11-18 05:27:00,93.35,1
2024-11-18 05:28:00,93.21,1
2024-11-18 05:29:00,93.44,1
2024-11-18 05:30:00,93.38,1
2024-11-18 05:31:00,93.56,1
2024-11-18 05:32:00,93.58,1
2024-11-18 05:33:00,93.45,1
2024-11-18 05:34:00,93.56,1
2024-11-18 05:35:00,93.49,1
2024-11-18 05:36:00,93.44,1
2024-11-18 05:37:00,93.63,1
2024-11-18 05:38:00,93.76,1
2024-11-18 05:39:00,93.64,1
2024-11-18 05:40:00,93.59,1
2024-11-18 05:41:00,93.59,1
2024-11-18 05:42:00,93.82,1
2024-11-18 05:43:00,93.5,1
2024-11-18 05:44:00,93.72,1
2024-11-18 05:45:00,93.97,1
2024-11-18 05:46:00,93.97,1
2024-11-18 05:47:00,93.76,1
2024-11-18 05:48:00,93.87,1
2024-11-18 05:49:00,93.5,1
2024-11-18 05:50:00,93.31,1
2024-11-18 05:51:00,93.33,1
2024-11-18 05:52:00,93.27,1
2024-11-18 05:53:00,93.37,1
2024-11-18 05:54:00,93.44,1
2024-11-18 05:55:00,93.27,1
2024-11-18 05:56:00,93.09,1
2024-11-18 05:57:00,93.15,1
2024-11-18 05:58:00,93.2,1
2024-11-18 05:59:00,93.34,1
2024-11-18 06:00:00,93.26,1
2024-11-18 06:01:00,93.35,1
2024-11-18 06:02:00,93.5,1
2024-11-18 06:03:00,93.88,1
2024-11-18 06:04:00,93.56,1
2024-11-18 06:05:00,93.45,1
2024-11-18 06:06:00,93.49,1
2024-11-18 06:07:00,93.77,1
2024-11-18 06:08:00,93.66,1
2024-11-18 06:09:00,93.87,1
2024-11-18 06:10:00,93.92,1
2024-11-18 06:11:00,93.74,1
2024-11-18 06:12:00,93.58,1
2024-11-18 06:13:00,93.21,1
2024-11-18 06:14:00,93.3,1
2024-11-18 06:15:00,93.46,1
2024-11-18 06:16:00,93.48,1
2024-11-18 06:17:00,93.42,1
2024-11-18 06:18:00,93.5,1
2024-11-18 06:19:00,93.7,1
2024-11-18 06:20:00,93.91,1
2024-11-18 06:21:00,94.11,1
2024-11-18 06:22:00,94.06,1
2024-11-18 06:23:00,93.91,1
2024-11-18 06:24:00,93.99,1
2024-11-18 06:25:00,93.95,1
2024-11-18 06:26:00,93.77,1
2024-11-18 06:27:00,93.61,1
2024-11-18 06:28:00,93.64,1
2024-11-18 06:29:00,93.56,1
2024-11-18 06:30:00,93.63,1
2024-11-18 06:31:00,93.6,1
2024-11-18 06:32:00,93.81,1
2024-11-18 06:33:00,93.76,1
2024-11-18 06:34:00,93.65,1
2024-11-18 06:35:00,93.72,1
2024-11-18 06:36:00,93.68,1
2024-11-18 06:37:00,93.63,1
2024-11-18 06:38:00,93.65,1
2024-11-18 06:39:00,93.68,1
2024-11-18 06:40:00,93.48,1
2024-11-18 06:41:00,93.35,1
2024-11-18 06:42:00,93.23,1
2024-11-18 06:43:00,93.25,1
2024-11-18 06:44:00,93.01,1
2024-11-18 06:45:00,93.16,1
2024-11-18 06:46:00,93.2,1
2024-11-18 06:47:00,93.12,1
2024-11-18 06:48:00,93.01,1
2024-11-18 06:49:00,93.23,1
2024-11-18 06:50:00,93.41,1
2024-11-18 06:51:00,93.34,1
2024-11-18 06:52:00,93.32,1
2024-11-18 06:53:00,93.29,1
2024-11-18 06:54:00,93.23,1
2024-11-18 06:55:00,93.1,1
2024-11-18 06:56:00,93.28,1
2024-11-18 06:57:00,93.37,1
2024-11-18 06:58:00,93.84,1
2024-11-18 06:59:00,93.67,1
2024-11-18 07:00:00,93.68,1
2024-11-18 07:01:00,93.67,1
2024-11-18 07:02:00,93.54,1
2024-11-18 07:03:00,93.17,1
2024-11-18 07:04:00,92.93,1
2024-11-18 07:05:00,92.78,1
2024-11-18 07:06:00,92.85,1
2024-11-18 07:07:00,92.76,1
2024-11-18 07:08:00,92.8,1
2024-11-18 07:09:00,92.61,1
2024-11-18 07:10:00,92.63,1
2024-11-18 07:11:00,92.71,1
2024-11-18 07:12:00,92.63,1
2024-11-18 07:13:00,92.71,1
2024-11-18 07:14:00,92.74,1
2024-11-18 07:15:00,92.79,1
2024-11-18 07:16:00,92.76,1
2024-11-18 07:17:00,92.67,1
2024-11-18 07:18:00,92.8,1
2024-11-18 07:19:00,92.88,1
2024-11-18 07:20:00,93.0,1
2024-11-18 07:21:00,92.93,1
2024-11-18 07:22:00,92.97,1
2024-11-18 07:23:00,93.21,1
2024-11-18 07:24:00,93.18,1
2024-11-18 07:25:00,93.33,1
2024-11-18 07:26:00,93.24,1
2024-11-18 07:27:00,93.05,1
2024-11-18 07:28:00,93.15,1
2024-11-18 07:29:00,93.07,1
2024-11-18 07:30:00,93.22,1
2024-11-18 07:31:00,93.08,1
2024-11-18 07:32:00,93.01,1
2024-11-18 07:33:00,93.1,1
2024-11-18 07:34:00,93.21,1
2024-11-18 07:35:00,93.38,1
2024-11-18 07:36:00,93.21,1
2024-11-18 07:37:00,93.21,1
2024-11-18 07:38:00,93.28,1
2024-11-18 07:39:00,93.41,1
2024-11-18 07:40:00,93.4,1
2024-11-18 07:41:00,93.49,1
2024-11-18 07:42:00,93.47,1
2024-11-18 07:43:00,93.6,1
2024-11-18 07:44:00,93.68,1
2024-11-18 07:45:00,93.92,1
2024-11-18 07:46:00,93.91,1
2024-11-18 07:47:00,93.83,1
2024-11-18 07:48:00,93.67,1
2024-11-18 07:49:00,93.65,1
2024-11-18 07:50:00,93.64,1
2024-11-18 07:51:00,93.61,1
2024-11-18 07:52:00,93.65,1
2024-11-18 07:53:00,93.68,1
2024-11-18 07:54:00,93.61,1
2024-11-18 07:55:00,93.61,1
2024-11-18 07:56:00,93.59,1
2024-11-18 07:57:00,93.6,1
2024-11-18 07:58:00,93.61,1
2024-11-18 07:59:00,93.59,1
2024-11-18 08:00:00,93.6,1
2024-11-18 08:01:00,93.58,1
2024-11-18 08:02:00,93.18,1
2024-11-18 08:03:00,93.11,1
2024-11-18 08:04:00,92.94,1
2024-11-18 08:05:00,92.9,1
2024-11-18 08:06:00,92.68,1
2024-11-18 08:07:00,92.65,1
2024-11-18 08:08:00,92.89,1
2024-11-18 08:09:00,93.0,1
2024-11-18 08:10:00,92.95,1
2024-11-18 08:11:00,93.02,1
2024-11-18 08:12:00,92.92,1
2024-11-18 08:13:00,93.16,1
2024-11-18 08:14:00,93.06,1
2024-11-18 08:15:00,93.1,1
2024-11-18 08:16:00,93.0,1
2024-11-18 08:17:00,93.18,1
2024-11-18 08:18:00,93.1,1
2024-11-18 08:19:00,92.79,1
2024-11-18 08:20:00,93.06,1
2024-11-18 08:21:00,93.01,1
2024-11-18 08:22:00,92.91,1
2024-11-18 08:23:00,92.86,1
2024-11-18 08:24:00,92.67,1
2024-11-18 08:25:00,92.75,1
2024-11-18 08:26:00,92.67,1
2024-11-18 08:27:00,92.56,1
2024-11-18 08:28:00,92.38,1
2024-11-18 08:29:00,92.4,1
2024-11-18 08:30:00,92.18,1
2024-11-18 08:31:00,92.02,1
2024-11-18 08:32:00,92.01,1
2024-11-18 08:33:00,91.81,1
2024-11-18 08:34:00,91.77,1
2024-11-18 08:35:00,91.67,1
2024-11-18 08:36:00,91.66,1
2024-11-18 08:37:00,91.47,1
2024-11-18 08:38:00,91.58,1
2024-11-18 08:39:00,91.39,1
2024-11-18 08:40:00,91.23,1
2024-11-18 08:41:00,91.59,1
2024-11-18 08:42:00,91.69,1
2024-11-18 08:43:00,91.83,1
2024-11-18 08:44:00,91.92,1
2024-11-18 08:45:00,92.03,1
2024-11-18 08:46:00,91.85,1
2024-11-18 08:47:00,92.13,1
2024-11-18 08:48:00,92.17,1
2024-11-18 08:49:00,92.32,1
2024-11-18 08:50:00,92.09,1
2024-11-18 08:51:00,92.14,1
2024-11-18 08:52:00,92.17,1
2024-11-18 08:53:00,92.14,1
2024-11-18 08:54:00,92.14,1
2024-11-18 08:55:00,92.18,1
2024-11-18 08:56:00,91.89,1
2024-11-18 08:57:00,91.69,1
2024-11-18 08:58:00,91.73,1
2024-11-18 08:59:00,91.82,1
2024-11-18 09:00:00,91.92,1
2024-11-18 09:01:00,91.94,1
2024-11-18 09:02:00,91.78,1
2024-11-18 09:03:00,91.65,1
2024-11-18 09:04:00,91.82,1
2024-11-18 09:05:00,91.9,1
2024-11-18 09:06:00,92.03,1
2024-11-18 09:07:00,91.93,1
2024-11-18 09:08:00,91.96,1
2024-11-18 09:09:00,92.05,1
2024-11-18 09:10:00,91.97,1
2024-11-18 09:11:00,91.93,1
2024-11-18 09:12:00,91.68,1
2024-11-18 09:13:00,91.63,1
2024-11-18 09:14:00,91.84,1
2024-11-18 09:15:00,91.93,1
2024-11-18 09:16:00,91.88,1
2024-11-18 09:17:00,91.93,1
2024-11-18 09:18:00,92.14,1
2024-11-18 09:19:00,92.16,1
2024-11-18 09:20:00,92.37,1
2024-11-18 09:21:00,92.27,1
2024-11-18 09:22:00,92.29,1
2024-11-18 09:23:00,92.21,1
2024-11-18 09:24:00,92.11,1
2024-11-18 09:25:00,92.21,1
2024-11-18 09:26:00,92.05,1
2024-11-18 09:27:00,91.95,1
2024-11-18 09:28:00,91.93,1
2024-11-18 09:29:00,91.9,1
2024-11-18 09:30:00,91.87,1
2024-11-18 09:31:00,91.88,1
2024-11-18 09:32:00,91.73,1
2024-11-18 09:33:00,91.74,1
2024-11-18 09:34:00,91.69,1
2024-11-18 09:35:00,91.61,1
2024-11-18 09:36:00,91.35,1
2024-11-18 09:37:00,91.14,1
2024-11-18 09:38:00,91.16,1
2024-11-18 09:39:00,91.14,1
2024-11-18 09:40:00,90.88,1
2024-11-18 09:41:00,90.9,1
2024-11-18 09:42:00,90.06,1
2024-11-18 09:43:00,90.51,1
2024-11-18 09:44:00,90.56,1
2024-11-18 09:45:00,90.67,1
2024-11-18 09:46:00,90.64,1
2024-11-18 09:47:00,90.7,1
2024-11-18 09:48:00,90.63,1
2024-11-18 09:49:00,90.6,1
2024-11-18 09:50:00,90.73,1
2024-11-18 09:51:00,90.72,1
2024-11-18 09:52:00,90.61,1
2024-11-18 09:53:00,90.37,1
2024-11-18 09:54:00,90.31,1
2024-11-18 09:55:00,90.35,1
2024-11-18 09:56:00,90.51,1
2024-11-18 09:57:00,90.62,1
2024-11-18 09:58:00,90.54,1
2024-11-18 09:59:00,90.71,1
2024-11-18 10:00:00,90.41,1
2024-11-18 10:01:00,90.68,1
2024-11-18 10:02:00,90.9,1
2024-11-18 10:03:00,91.02,1
2024-11-18 10:04:00,91.11,1
2024-11-18 10:05:00,91.16,1
2024-11-18 10:06:00,91.13,1
2024-11-18 10:07:00,91.24,1
2024-11-18 10:08:00,91.18,1
2024-11-18 10:09:00,91.21,1
2024-11-18 10:10:00,91.25,1
2024-11-18 10:11:00,91.39,1
2024-11-18 10:12:00,90.89,1
2024-11-18 10:13:00,90.98,1
2024-11-18 10:14:00,90.93,1
2024-11-18 10:15:00,91.04,1
2024-11-18 10:16:00,91.04,1
2024-11-18 10:17:00,90.89,1
2024-11-18 10:18:00,90.79,1
2024-11-18 10:19:00,90.67,1
2024-11-18 10:20:00,90.88,1
2024-11-18 10:21:00,90.94,1
2024-11-18 10:22:00,90.97,1
2024-11-18 10:23:00,91.04,1
2024-11-18 10:24:00,91.02,1
2024-11-18 10:25:00,91.02,1
2024-11-18 10:26:00,91.04,1
2024-11-18 10:27:00,91.04,1
2024-11-18 10:28:00,91.08,1
2024-11-18 10:29:00,91.03,1
2024-11-18 10:30:00,91.12,1
2024-11-18 10:31:00,91.16,1
2024-11-18 10:32:00,91.18,1
2024-11-18 10:33:00,91.25,1
2024-11-18 10:34:00,91.21,1
2024-11-18 10:35:00,91.14,1
2024-11-18 10:36:00,91.17,1
2024-11-18 10:37:00,91.17,1
2024-11-18 10:38:00,91.34,1
2024-11-18 10:39:00,91.37,1
2024-11-18 10:40:00,91.41,1
2024-11-18 10:41:00,91.34,1
2024-11-18 10:42:00,91.26,1
2024-11-18 10:43:00,91.31,1
2024-11-18 10:44:00,91.26,1
2024-11-18 10:45:00,91.24,1
2024-11-18 10:46:00,91.13,1
2024-11-18 10:47:00,91.12,1
2024-11-18 10:48:00,91.15,1
2024-11-18 10:49:00,91.14,1
2024-11-18 10:50:00,91.14,1
2024-11-18 10:51:00,91.14,1
2024-11-18 10:52:00,91.24,1
2024-11-18 10:53:00,91.2,1
2024-11-18 10:54:00,91.21,1
2024-11-18 10:55:00,91.18,1
2024-11-18 10:56:00,91.21,1
2024-11-18 10:57:00,91.31,1
2024-11-18 10:58:00,91.17,1
2024-11-18 10:59:00,91.23,1
2024-11-18 11:00:00,91.28,1
2024-11-18 11:01:00,91.47,1
2024-11-18 11:02:00,91.42,1
2024-11-18 11:03:00,91.4,1
2024-11-18 11:04:00,91.43,1
2024-11-18 11:05:00,91.47,1
2024-11-18 11:06:00,91.59,1
2024-11-18 11:07:00,91.44,1
2024-11-18 11:08:00,91.45,1
2024-11-18 11:09:00,91.58,1
2024-11-18 11:10:00,91.39,1
2024-11-18 11:11:00,91.52,1
2024-11-18 11:12:00,91.47,1
2024-11-18 11:13:00,91.19,1
2024-11-18 11:14:00,91.08,1
2024-11-18 11:15:00,90.86,1
2024-11-18 11:16:00,90.71,1
2024-11-18 11:17:00,90.53,1
2024-11-18 11:18:00,91.05,1
2024-11-18 11:19:00,91.17,1
2024-11-18 11:20:00,91.59,1
2024-11-18 11:21:00,91.77,1
2024-11-18 11:22:00,91.67,1
2024-11-18 11:23:00,91.47,1
2024-11-18 11:24:00,91.46,1
2024-11-18 11:25:00,91.53,1
2024-11-18 11:26:00,91.57,1
2024-11-18 11:27:00,91.16,1
2024-11-18 11:28:00,91.38,1
2024-11-18 11:29:00,91.05,1
2024-11-18 11:30:00,91.12,1
2024-11-18 11:31:00,91.05,1
2024-11-18 11:32:00,91.29,1
2024-11-18 11:33:00,91.27,1
2024-11-18 11:34:00,91.45,1
2024-11-18 11:35:00,91.76,1
2024-11-18 11:36:00,91.26,1
2024-11-18 11:37:00,90.86,1
2024-11-18 11:38:00,90.76,1
2024-11-18 11:39:00,90.6,1
2024-11-18 11:40:00,90.63,1
2024-11-18 11:41:00,90.44,1
2024-11-18 11:42:00,90.4,1
2024-11-18 11:43:00,90.53,1
2024-11-18 11:44:00,90.69,1
2024-11-18 11:45:00,90.2,1
2024-11-18 11:46:00,90.45,1
2024-11-18 11:47:00,90.33,1
2024-11-18 11:48:00,90.08,1
2024-11-18 11:49:00,90.05,1
2024-11-18 11:50:00,89.77,1
2024-11-18 11:51:00,89.98,1
2024-11-18 11:52:00,90.02,1
2024-11-18 11:53:00,90.25,1
2024-11-18 11:54:00,90.23,1
2024-11-18 11:55:00,90.26,1
2024-11-18 11:56:00,90.03,1
2024-11-18 11:57:00,89.88,1
2024-11-18 11:58:00,90.11,1
2024-11-18 11:59:00,90.3,1
2024-11-18 12:00:00,90.32,1
2024-11-18 12:01:00,90.48,1
2024-11-18 12:02:00,90.83,1
2024-11-18 12:03:00,90.94,1
2024-11-18 12:04:00,90.81,1
2024-11-18 12:05:00,90.75,1
2024-11-18 12:06:00,90.73,1
2024-11-18 12:07:00,90.64,1
2024-11-18 12:08:00,90.42,1
2024-11-18 12:09:00,90.04,1
2024-11-18 12:10:00,90.32,1
2024-11-18 12:11:00,89.89,1
2024-11-18 12:12:00,90.04,1
2024-11-18 12:13:00,90.18,1
2024-11-18 12:14:00,89.94,1
2024-11-18 12:15:00,89.89,1
2024-11-18 12:16:00,90.31,1
2024-11-18 12:17:00,90.4,1
2024-11-18 12:18:00,89.9,1
2024-11-18 12:19:00,90.17,1
2024-11-18 12:20:00,90.47,1
2024-11-18 12:21:00,90.23,1
2024-11-18 12:22:00,90.01,1
2024-11-18 12:23:00,90.24,1
2024-11-18 12:24:00,90.3,1
2024-11-18 12:25:00,90.28,1
2024-11-18 12:26:00,90.32,1
2024-11-18 12:27:00,90.73,1
2024-11-18 12:28:00,90.8,1
2024-11-18 12:29:00,91.03,1
2024-11-18 12:30:00,91.2,1
2024-11-18 12:31:00,91.3,1
2024-11-18 12:32:00,91.66,1
2024-11-18 12:33:00,91.54,1
2024-11-18 12:34:00,91.6,1
2024-11-18 12:35:00,91.66,1
2024-11-18 12:36:00,91.6,1
2024-11-18 12:37:00,91.48,1
2024-11-18 12:38:00,91.51,1
2024-11-18 12:39:00,91.45,1
2024-11-18 12:40:00,91.49,1
2024-11-18 12:41:00,91.48,1
2024-11-18 12:42:00,91.61,1
2024-11-18 12:43:00,91.52,1
2024-11-18 12:44:00,91.73,1
2024-11-18 12:45:00,91.79,1
2024-11-18 12:46:00,91.53,1
2024-11-18 12:47:00,91.52,1
2024-11-18 12:48:00,91.43,1
2024-11-18 12:49:00,91.41,1
2024-11-18 12:50:00,91.4,1
2024-11-18 12:51:00,91.24,1
2024-11-18 12:52:00,91.36,1
2024-11-18 12:53:00,91.2,1
2024-11-18 12:54:00,91.33,1
2024-11-18 12:55:00,91.31,1
2024-11-18 12:56:00,91.15,1
2024-11-18 12:57:00,91.23,1
2024-11-18 12:58:00,91.29,1
2024-11-18 12:59:00,91.37,1
2024-11-18 13:00:00,91.26,1
2024-11-18 13:01:00,91.21,1
2024-11-18 13:02:00,90.85,1
2024-11-18 13:03:00,90.65,1
2024-11-18 13:04:00,90.58,1
2024-11-18 13:05:00,90.2,1
2024-11-18 13:06:00,90.21,1
2024-11-18 13:07:00,90.03,1
2024-11-18 13:08:00,89.67,1
2024-11-18 13:09:00,89.93,1
2024-11-18 13:10:00,89.54,1
2024-11-18 13:11:00,89.33,1
2024-11-18 13:12:00,89.57,1
2024-11-18 13:13:00,89.69,1
2024-11-18 13:14:00,89.53,1
2024-11-18 13:15:00,89.54,1
2024-11-18 13:16:00,89.53,1
2024-11-18 13:17:00,89.77,1
2024-11-18 13:18:00,90.0,1
2024-11-18 13:19:00,89.9,1
2024-11-18 13:20:00,89.81,1
2024-11-18 13:21:00,89.8,1
2024-11-18 13:22:00,89.96,1
2024-11-18 13:23:00,89.81,1
2024-11-18 13:24:00,89.72,1
2024-11-18 13:25:00,89.96,1
2024-11-18 13:26:00,90.38,1
2024-11-18 13:27:00,90.43,1
2024-11-18 13:28:00,90.74,1
2024-11-18 13:29:00,90.67,1
2024-11-18 13:30:00,90.49,1
2024-11-18 13:31:00,90.46,1
2024-11-18 13:32:00,90.53,1
2024-11-18 13:33:00,90.46,1
2024-11-18 13:34:00,90.65,1
2024-11-18 13:35:00,90.46,1
2024-11-18 13:36:00,90.4,1
2024-11-18 13:37:00,90.43,1
2024-11-18 13:38:00,90.51,1
2024-11-18 13:39:00,90.53,1
2024-11-18 13:40:00,90.61,1
2024-11-18 13:41:00,90.33,1
2024-11-18 13:42:00,90.34,1
2024-11-18 13:43:00,90.26,1
2024-11-18 13:44:00,90.4,1
2024-11-18 13:45:00,90.43,1
2024-11-18 13:46:00,90.46,1
2024-11-18 13:47:00,90.28,1
2024-11-18 13:48:00,90.38,1
2024-11-18 13:49:00,90.2,1
2024-11-18 13:50:00,90.17,1
2024-11-18 13:51:00,90.0,1
2024-11-18 13:52:00,89.99,1
2024-11-18 13:53:00,89.96,1
2024-11-18 13:54:00,90.06,1
2024-11-18 13:55:00,89.7,1
2024-11-18 13:56:00,89.66,1
2024-11-18 13:57:00,89.25,1
2024-11-18 13:58:00,89.18,1
2024-11-18 13:59:00,89.11,1
2024-11-18 14:00:00,89.16,1
2024-11-18 14:01:00,89.04,1
2024-11-18 14:02:00,89.25,1
2024-11-18 14:03:00,88.99,1
2024-11-18 14:04:00,89.18,1
2024-11-18 14:05:00,89.32,1
2024-11-18 14:06:00,89.58,1
2024-11-18 14:07:00,89.54,1
2024-11-18 14:08:00,89.22,1
2024-11-18 14:09:00,89.17,1
2024-11-18 14:10:00,89.29,1
2024-11-18 14:11:00,89.33,1
2024-11-18 14:12:00,89.44,1
2024-11-18 14:13:00,89.76,1
2024-11-18 14:14:00,90.05,1
2024-11-18 14:15:00,90.0,1
2024-11-18 14:16:00,89.73,1
2024-11-18 14:17:00,89.76,1
2024-11-18 14:18:00,89.85,1
2024-11-18 14:19:00,90.02,1
2024-11-18 14:20:00,90.1,1
2024-11-18 14:21:00,89.7,1
2024-11-18 14:22:00,89.9,1
2024-11-18 14:23:00,89.69,1
2024-11-18 14:24:00,89.84,1
2024-11-18 14:25:00,89.86,1
2024-11-18 14:26:00,89.85,1
2024-11-18 14:27:00,89.79,1
2024-11-18 14:28:00,89.72,1
2024-11-18 14:29:00,89.77,1
2024-11-18 14:30:00,89.76,1
2024-11-18 14:31:00,89.4,1
2024-11-18 14:32:00,89.32,1
2024-11-18 14:33:00,89.69,1
2024-11-18 14:34:00,89.79,1
2024-11-18 14:35:00,89.97,1
2024-11-18 14:36:00,90.16,1
2024-11-18 14:37:00,90.14,1
2024-11-18 14:38:00,90.01,1
2024-11-18 14:39:00,90.01,1
2024-11-18 14:40:00,89.86,1
2024-11-18 14:41:00,89.7,1
2024-11-18 14:42:00,89.82,1
2024-11-18 14:43:00,89.66,1
2024-11-18 14:44:00,89.7,1
2024-11-18 14:45:00,89.65,1
2024-11-18 14:46:00,89.14,1
2024-11-18 14:47:00,88.75,1
2024-11-18 14:48:00,88.68,1
2024-11-18 14:49:00,88.92,1
2024-11-18 14:50:00,88.97,1
2024-11-18 14:51:00,89.1,1
2024-11-18 14:52:00,88.94,1
2024-11-18 14:53:00,89.02,1
2024-11-18 14:54:00,89.01,1
2024-11-18 14:55:00,88.76,1
2024-11-18 14:56:00,88.51,1
2024-11-18 14:57:00,88.63,1
2024-11-18 14:58:00,88.68,1
2024-11-18 14:59:00,88.7,1
2024-11-18 15:00:00,88.69,1
2024-11-18 15:01:00,88.66,1
2024-11-18 15:02:00,88.73,1
2024-11-18 15:03:00,88.78,1
2024-11-18 15:04:00,88.77,1
2024-11-18 15:05:00,89.14,1
2024-11-18 15:06:00,89.1,1
2024-11-18 15:07:00,89.21,1
2024-11-18 15:08:00,89.34,1
2024-11-18 15:09:00,89.24,1
2024-11-18 15:10:00,89.21,1
2024-11-18 15:11:00,88.92,1
2024-11-18 15:12:00,89.04,1
2024-11-18 15:13:00,89.09,1
2024-11-18 15:14:00,89.14,1
2024-11-18 15:15:00,89.21,1
2024-11-18 15:16:00,89.41,1
2024-11-18 15:17:00,89.39,1
2024-11-18 15:18:00,89.29,1
2024-11-18 15:19:00,89.33,1
2024-11-18 15:20:00,89.34,1
2024-11-18 15:21:00,89.24,1
2024-11-18 15:22:00,89.23,1
2024-11-18 15:23:00,89.35,1
2024-11-18 15:24:00,89.1,1
2024-11-18 15:25:00,89.1,1
2024-11-18 15:26:00,89.04,1
2024-11-18 15:27:00,89.06,1
2024-11-18 15:28:00,89.42,1
2024-11-18 15:29:00,89.31,1
2024-11-18 15:30:00,89.31,1
2024-11-18 15:31:00,89.6,1
2024-11-18 15:32:00,89.62,1
2024-11-18 15:33:00,89.67,1
2024-11-18 15:34:00,89.78,1
2024-11-18 15:35:00,89.93,1
2024-11-18 15:36:00,90.17,1
2024-11-18 15:37:00,90.42,1
2024-11-18 15:38:00,90.62,1
2024-11-18 15:39:00,90.57,1
2024-11-18 15:40:00,90.69,1
2024-11-18 15:41:00,90.84,1
2024-11-18 15:42:00,90.52,1
2024-11-18 15:43:00,90.57,1
2024-11-18 15:44:00,90.52,1
2024-11-18 15:45:00,90.31,1
2024-11-18 15:46:00,90.6,1
2024-11-18 15:47:00,90.43,1
2024-11-18 15:48:00,90.24,1
2024-11-18 15:49:00,90.42,1
2024-11-18 15:50:00,90.39,1
2024-11-18 15:51:00,90.46,1
2024-11-18 15:52:00,90.56,1
2024-11-18 15:53:00,90.62,1
2024-11-18 15:54:00,90.69,1
2024-11-18 15:55:00,90.69,1
2024-11-18 15:56:00,90.69,1
2024-11-18 15:57:00,90.56,1
2024-11-18 15:58:00,90.38,1
2024-11-18 15:59:00,90.4,1
2024-11-18 16:00:00,90.36,1
2024-11-18 16:01:00,90.4,1
2024-11-18 16:02:00,90.61,1
2024-11-18 16:03:00,90.74,1
2024-11-18 16:04:00,90.39,1
2024-11-18 16:05:00,90.16,1
2024-11-18 16:06:00,90.14,1
2024-11-18 16:07:00,90.49,1
2024-11-18 16:08:00,90.25,1
2024-11-18 16:09:00,90.15,1
2024-11-18 16:10:00,90.17,1
2024-11-18 16:11:00,90.18,1
2024-11-18 16:12:00,90.24,1
2024-11-18 16:13:00,90.25,1
2024-11-18 16:14:00,90.32,1
2024-11-18 16:15:00,90.35,1
2024-11-18 16:16:00,90.25,1
2024-11-18 16:17:00,90.21,1
2024-11-18 16:18:00,90.1,1
2024-11-18 16:19:00,90.13,1
2024-11-18 16:20:00,90.05,1
2024-11-18 16:21:00,90.18,1
2024-11-18 16:22:00,90.19,1
2024-11-18 16:23:00,90.12,1
2024-11-18 16:24:00,90.32,1
2024-11-18 16:25:00,90.33,1
2024-11-18 16:26:00,90.38,1
2024-11-18 16:27:00,90.27,1
2024-11-18 16:28:00,90.2,1
2024-11-18 16:29:00,90.31,1
2024-11-18 16:30:00,90.25,1
2024-11-18 16:31:00,90.11,1
2024-11-18 16:32:00,90.03,1
2024-11-18 16:33:00,90.18,1
2024-11-18 16:34:00,90.12,1
2024-11-18 16:35:00,90.02,1
2024-11-18 16:36:00,89.97,1
2024-11-18 16:37:00,89.88,1
2024-11-18 16:38:00,89.97,1
2024-11-18 16:39:00,89.75,1
2024-11-18 16:40:00,89.75,1
2024-11-18 16:41:00,89.73,1
2024-11-18 16:42:00,89.67,1
2024-11-18 16:43:00,89.53,1
2024-11-18 16:44:00,89.56,1
2024-11-18 16:45:00,89.44,1
2024-11-18 16:46:00,89.4,1
2024-11-18 16:47:00,89.1,1
2024-11-18 16:48:00,88.84,1
2024-11-18 16:49:00,88.69,1
2024-11-18 16:50:00,88.65,1
2024-11-18 16:51:00,88.95,1
2024-11-18 16:52:00,88.96,1
2024-11-18 16:53:00,89.01,1
2024-11-18 16:54:00,89.22,1
2024-11-18 16:55:00,89.29,1
2024-11-18 16:56:00,89.42,1
2024-11-18 16:57:00,89.29,1
2024-11-18 16:58:00,89.52,1
2024-11-18 16:59:00,89.55,1
2024-11-18 17:00:00,89.49,1
2024-11-18 17:01:00,89.39,1
2024-11-18 17:02:00,89.34,1
2024-11-18 17:03:00,89.29,1
2024-11-18 17:04:00,89.31,1
2024-11-18 17:05:00,89.13,1
2024-11-18 17:06:00,89.15,1
2024-11-18 17:07:00,88.79,1
2024-11-18 17:08:00,88.9,1
2024-11-18 17:09:00,89.03,1
2024-11-18 17:10:00,89.03,1
2024-11-18 17:11:00,88.96,1
2024-11-18 17:12:00,88.97,1
2024-11-18 17:13:00,88.95,1
2024-11-18 17:14:00,88.96,1
2024-11-18 17:15:00,89.04,1
2024-11-18 17:16:00,88.98,1
2024-11-18 17:17:00,88.81,1
2024-11-18 17:18:00,88.87,1
2024-11-18 17:19:00,88.93,1
2024-11-18 17:20:00,88.94,1
2024-11-18 17:21:00,89.31,1
2024-11-18 17:22:00,89.24,1
2024-11-18 17:23:00,89.39,1
2024-11-18 17:24:00,89.44,1
2024-11-18 17:25:00,89.84,1
2024-11-18 17:26:00,90.0,1
2024-11-18 17:27:00,90.2,1
2024-11-18 17:28:00,90.4,1
2024-11-18 17:29:00,90.43,1
2024-11-18 17:30:00,89.92,1
2024-11-18 17:31:00,89.69,1
2024-11-18 17:32:00,89.76,1
2024-11-18 17:33:00,89.84,1
2024-11-18 17:34:00,89.6,1
2024-11-18 17:35:00,89.79,1
2024-11-18 17:36:00,89.56,1
2024-11-18 17:37:00,89.31,1
2024-11-18 17:38:00,89.21,1
2024-11-18 17:39:00,89.3,1
2024-11-18 17:40:00,89.31,1
2024-11-18 17:41:00,89.15,1
2024-11-18 17:42:00,89.04,1
2024-11-18 17:43:00,88.95,1
2024-11-18 17:44:00,88.86,1
2024-11-18 17:45:00,88.73,1
2024-11-18 17:46:00,88.61,1
2024-11-18 17:47:00,88.73,1
2024-11-18 17:48:00,88.7,1
2024-11-18 17:49:00,88.61,1
2024-11-18 17:50:00,88.67,1
2024-11-18 17:51:00,88.79,1
2024-11-18 17:52:00,88.89,1
2024-11-18 17:53:00,88.82,1
2024-11-18 17:54:00,88.84,1
2024-11-18 17:55:00,88.82,1
2024-11-18 17:56:00,89.07,1
2024-11-18 17:57:00,89.04,1
2024-11-18 17:58:00,89.01,1
2024-11-18 17:59:00,89.17,1
2024-11-18 18:00:00,89.22,1
2024-11-18 18:01:00,89.25,1
2024-11-18 18:02:00,89.15,1
2024-11-18 18:03:00,89.26,1
2024-11-18 18:04:00,89.27,1
2024-11-18 18:05:00,89.52,1
2024-11-18 18:06:00,89.58,1
2024-11-18 18:07:00,89.53,1
2024-11-18 18:08:00,89.32,1
2024-11-18 18:09:00,89.41,1
2024-11-18 18:10:00,89.52,1
2024-11-18 18:11:00,89.65,1
2024-11-18 18:12:00,89.52,1
2024-11-18 18:13:00,89.52,1
2024-11-18 18:14:00,89.57,1
2024-11-18 18:15:00,89.64,1
2024-11-18 18:16:00,89.65,1
2024-11-18 18:17:00,89.6,1
2024-11-18 18:18:00,89.58,1
2024-11-18 18:19:00,89.61,1
2024-11-18 18:20:00,89.7,1
2024-11-18 18:21:00,89.68,1
2024-11-18 18:22:00,89.63,1
2024-11-18 18:23:00,89.31,1
2024-11-18 18:24:00,89.36,1
2024-11-18 18:25:00,89.36,1
2024-11-18 18:26:00,89.17,1
2024-11-18 18:27:00,89.29,1
2024-11-18 18:28:00,89.23,1
2024-11-18 18:29:00,89.47,1
2024-11-18 18:30:00,89.4,1
2024-11-18 18:31:00,88.98,1
2024-11-18 18:32:00,89.07,1
2024-11-18 18:33:00,89.04,1
2024-11-18 18:34:00,89.0,1
2024-11-18 18:35:00,89.07,1
2024-11-18 18:36:00,89.14,1
2024-11-18 18:37:00,89.76,1
2024-11-18 18:38:00,89.66,1
2024-11-18 18:39:00,89.56,1
2024-11-18 18:40:00,89.49,1
2024-11-18 18:41:00,89.36,1
2024-11-18 18:42:00,89.27,1
2024-11-18 18:43:00,89.7,1
2024-11-18 18:44:00,89.61,1
2024-11-18 18:45:00,89.5,1
2024-11-18 18:46:00,89.47,1
2024-11-18 18:47:00,89.41,1
2024-11-18 18:48:00,89.24,1
2024-11-18 18:49:00,89.41,1
2024-11-18 18:50:00,89.29,1
2024-11-18 18:51:00,89.09,1
2024-11-18 18:52:00,89.01,1
2024-11-18 18:53:00,88.92,1
2024-11-18 18:54:00,88.81,1
2024-11-18 18:55:00,88.93,1
2024-11-18 18:56:00,88.77,1
2024-11-18 18:57:00,88.66,1
2024-11-18 18:58:00,88.86,1
2024-11-18 18:59:00,89.08,1
2024-11-18 19:00:00,88.99,1
2024-11-18 19:01:00,88.87,1
2024-11-18 19:02:00,88.87,1
2024-11-18 19:03:00,88.89,1
2024-11-18 19:04:00,88.63,1
2024-11-18 19:05:00,88.92,1
2024-11-18 19:06:00,88.71,1
2024-11-18 19:07:00,88.52,1
2024-11-18 19:08:00,88.29,1
2024-11-18 19:09:00,88.35,1
2024-11-18 19:10:00,88.33,1
2024-11-18 19:11:00,88.04,1
2024-11-18 19:12:00,87.98,1
2024-11-18 19:13:00,88.23,1
2024-11-18 19:14:00,88.08,1
2024-11-18 19:15:00,88.24,1
2024-11-18 19:16:00,87.48,1
2024-11-18 19:17:00,87.14,1
2024-11-18 19:18:00,86.87,1
2024-11-18 19:19:00,87.07,1
2024-11-18 19:20:00,86.94,1
2024-11-18 19:21:00,86.79,1
2024-11-18 19:22:00,86.64,1
2024-11-18 19:23:00,86.58,1
2024-11-18 19:24:00,86.54,1
2024-11-18 19:25:00,86.59,1
2024-11-18 19:26:00,86.46,1
2024-11-18 19:27:00,86.95,1
2024-11-18 19:28:00,87.09,1
2024-11-18 19:29:00,86.98,1
2024-11-18 19:30:00,86.8,1
2024-11-18 19:31:00,86.55,1
2024-11-18 19:32:00,86.66,1
2024-11-18 19:33:00,86.53,1
2024-11-18 19:34:00,86.53,1
2024-11-18 19:35:00,86.79,1
2024-11-18 19:36:00,87.04,1
2024-11-18 19:37:00,87.0,1
2024-11-18 19:38:00,87.34,1
2024-11-18 19:39:00,87.38,1
2024-11-18 19:40:00,87.35,1
2024-11-18 19:41:00,87.36,1
2024-11-18 19:42:00,87.61,1
2024-11-18 19:43:00,87.49,1
2024-11-18 19:44:00,87.48,1
2024-11-18 19:45:00,87.48,1
2024-11-18 19:46:00,87.36,1
2024-11-18 19:47:00,87.27,1
2024-11-18 19:48:00,87.23,1
2024-11-18 19:49:00,87.27,1
2024-11-18 19:50:00,87.13,1
2024-11-18 19:51:00,87.1,1
2024-11-18 19:52:00,87.17,1
2024-11-18 19:53:00,87.32,1
2024-11-18 19:54:00,87.3,1
2024-11-18 19:55:00,87.4,1
2024-11-18 19:56:00,87.29,1
2024-11-18 19:57:00,87.53,1
2024-11-18 19:58:00,87.55,1
2024-11-18 19:59:00,87.55,1
2024-11-18 20:00:00,87.43,1
2024-11-18 20:01:00,87.31,1
2024-11-18 20:02:00,87.39,1
2024-11-18 20:03:00,87.34,1
2024-11-18 20:04:00,87.22,1
2024-11-18 20:05:00,87.43,1
2024-11-18 20:06:00,87.38,1
2024-11-18 20:07:00,87.43,1
2024-11-18 20:08:00,87.5,1
2024-11-18 20:09:00,87.46,1
2024-11-18 20:10:00,87.61,1
2024-11-18 20:11:00,87.57,1
2024-11-18 20:12:00,87.56,1
2024-11-18 20:13:00,87.49,1
2024-11-18 20:14:00,87.54,1
2024-11-18 20:15:00,87.33,1
2024-11-18 20:16:00,87.29,1
2024-11-18 20:17:00,87.3,1
2024-11-18 20:18:00,87.34,1
2024-11-18 20:19:00,87.62,1
2024-11-18 20:20:00,87.61,1
2024-11-18 20:21:00,87.6,1
2024-11-18 20:22:00,87.74,1
2024-11-18 20:23:00,88.11,1
2024-11-18 20:24:00,88.36,1
2024-11-18 20:25:00,88.44,1
2024-11-18 20:26:00,88.51,1
2024-11-18 20:27:00,88.57,1
2024-11-18 20:28:00,88.78,1
2024-11-18 20:29:00,88.74,1
2024-11-18 20:30:00,88.54,1
2024-11-18 20:31:00,88.33,1
2024-11-18 20:32:00,87.93,1
2024-11-18 20:33:00,88.32,1
2024-11-18 20:34:00,88.53,1
2024-11-18 20:35:00,88.59,1
2024-11-18 20:36:00,88.56,1
2024-11-18 20:37:00,88.6,1
2024-11-18 20:38:00,88.45,1
2024-11-18 20:39:00,88.12,1
2024-11-18 20:40:00,88.06,1
2024-11-18 20:41:00,88.07,1
2024-11-18 20:42:00,87.76,1
2024-11-18 20:43:00,88.11,1
2024-11-18 20:44:00,87.9,1
2024-11-18 20:45:00,87.85,1
2024-11-18 20:46:00,87.94,1
2024-11-18 20:47:00,87.71,1
2024-11-18 20:48:00,87.82,1
2024-11-18 20:49:00,87.74,1
2024-11-18 20:50:00,87.74,1
2024-11-18 20:51:00,87.51,1
2024-11-18 20:52:00,87.42,1
2024-11-18 20:53:00,87.35,1
2024-11-18 20:54:00,87.28,1
2024-11-18 20:55:00,87.46,1
2024-11-18 20:56:00,87.57,1
2024-11-18 20:57:00,87.59,1
2024-11-18 20:58:00,87.65,1
2024-11-18 20:59:00,87.53,1
2024-11-18 21:00:00,87.68,1
2024-11-18 21:01:00,87.53,1
2024-11-18 21:02:00,87.64,1
2024-11-18 21:03:00,87.74,1
2024-11-18 21:04:00,87.78,1
2024-11-18 21:05:00,87.73,1
2024-11-18 21:06:00,87.99,1
2024-11-18 21:07:00,88.76,1
2024-11-18 21:08:00,88.85,1
2024-11-18 21:09:00,88.64,1
2024-11-18 21:10:00,88.98,1
2024-11-18 21:11:00,89.23,1
2024-11-18 21:12:00,89.15,1
2024-11-18 21:13:00,89.02,1
2024-11-18 21:14:00,88.61,1
2024-11-18 21:15:00,88.62,1
2024-11-18 21:16:00,88.6,1
2024-11-18 21:17:00,88.74,1
2024-11-18 21:18:00,88.84,1
2024-11-18 21:19:00,88.7,1
2024-11-18 21:20:00,88.82,1
2024-11-18 21:21:00,88.92,1
2024-11-18 21:22:00,88.82,1
2024-11-18 21:23:00,88.93,1
2024-11-18 21:24:00,88.9,1
2024-11-18 21:25:00,88.88,1
2024-11-18 21:26:00,88.9,1
2024-11-18 21:27:00,89.0,1
2024-11-18 21:28:00,89.02,1
2024-11-18 21:29:00,89.01,1
2024-11-18 21:30:00,88.96,1
2024-11-18 21:31:00,89.05,1
2024-11-18 21:32:00,89.04,1
2024-11-18 21:33:00,89.19,1
2024-11-18 21:34:00,89.1,1
2024-11-18 21:35:00,89.21,1
2024-11-18 21:36:00,89.26,1
2024-11-18 21:37:00,89.35,1
2024-11-18 21:38:00,89.28,1
2024-11-18 21:39:00,89.29,1
2024-11-18 21:40:00,89.11,1
2024-11-18 21:41:00,89.22,1
2024-11-18 21:42:00,89.17,1
2024-11-18 21:43:00,89.17,1
2024-11-18 21:44:00,89.11,1
2024-11-18 21:45:00,89.06,1
2024-11-18 21:46:00,89.05,1
2024-11-18 21:47:00,88.95,1
2024-11-18 21:48:00,89.18,1
2024-11-18 21:49:00,89.07,1
2024-11-18 21:50:00,89.19,1
2024-11-18 21:51:00,89.15,1
2024-11-18 21:52:00,88.95,1
2024-11-18 21:53:00,89.09,1
2024-11-18 21:54:00,89.0,1
2024-11-18 21:55:00,89.12,1
2024-11-18 21:56:00,88.93,1
2024-11-18 21:57:00,89.01,1
2024-11-18 21:58:00,89.02,1
2024-11-18 21:59:00,88.87,1
2024-11-18 22:00:00,88.95,1
2024-11-18 22:01:00,89.08,1
2024-11-18 22:02:00,89.11,1
2024-11-18 22:03:00,88.96,1
2024-11-18 22:04:00,88.94,1
2024-11-18 22:05:00,88.98,1
2024-11-18 22:06:00,88.99,1
2024-11-18 22:07:00,89.06,1
2024-11-18 22:08:00,89.07,1
2024-11-18 22:09:00,89.14,1
2024-11-18 22:10:00,89.16,1
2024-11-18 22:11:00,89.15,1
2024-11-18 22:12:00,89.17,1
2024-11-18 22:13:00,89.26,1
2024-11-18 22:14:00,89.36,1
2024-11-18 22:15:00,89.5,1
2024-11-18 22:16:00,89.39,1
2024-11-18 22:17:00,89.33,1
2024-11-18 22:18:00,89.21,1
2024-11-18 22:19:00,89.16,1
2024-11-18 22:20:00,89.14,1
2024-11-18 22:21:00,89.1,1
2024-11-18 22:22:00,89.15,1
2024-11-18 22:23:00,89.1,1
2024-11-18 22:24:00,89.25,1
2024-11-18 22:25:00,89.24,1
2024-11-18 22:26:00,89.29,1
2024-11-18 22:27:00,89.22,1
2024-11-18 22:28:00,89.24,1
2024-11-18 22:29:00,89.19,1
2024-11-18 22:30:00,89.25,1
2024-11-18 22:31:00,89.25,1
2024-11-18 22:32:00,89.2,1
2024-11-18 22:33:00,89.18,1
2024-11-18 22:34:00,89.01,1
2024-11-18 22:35:00,89.09,1
2024-11-18 22:36:00,89.09,1
2024-11-18 22:37:00,89.26,1
2024-11-18 22:38:00,89.23,1
2024-11-18 22:39:00,89.11,1
2024-11-18 22:40:00,89.27,1
2024-11-18 22:41:00,89.24,1
2024-11-18 22:42:00,89.16,1
2024-11-18 22:43:00,89.19,1
2024-11-18 22:44:00,89.17,1
2024-11-18 22:45:00,89.19,1
2024-11-18 22:46:00,89.2,1
2024-11-18 22:47:00,89.04,1
2024-11-18 22:48:00,88.93,1
2024-11-18 22:49:00,89.01,1
2024-11-18 22:50:00,88.98,1
2024-11-18 22:51:00,89.01,1
2024-11-18 22:52:00,88.92,1
2024-11-18 22:53:00,88.84,1
2024-11-18 22:54:00,88.85,1
2024-11-18 22:55:00,88.81,1
2024-11-18 22:56:00,88.77,1
2024-11-18 22:57:00,88.79,1
2024-11-18 22:58:00,88.86,1
2024-11-18 22:59:00,88.89,1
2024-11-18 23:00:00,88.88,1
2024-11-18 23:01:00,89.01,1
2024-11-18 23:02:00,88.92,1
2024-11-18 23:03:00,88.93,1
2024-11-18 23:04:00,89.14,1
2024-11-18 23:05:00,89.12,1
2024-11-18 23:06:00,89.03,1
2024-11-18 23:07:00,88.94,1
2024-11-18 23:08:00,88.88,1
2024-11-18 23:09:00,88.85,1
2024-11-18 23:10:00,88.8,1
2024-11-18 23:11:00,88.7,1
2024-11-18 23:12:00,88.72,1
2024-11-18 23:13:00,88.67,1
2024-11-18 23:14:00,88.84,1
2024-11-18 23:15:00,89.01,1
2024-11-18 23:16:00,88.99,1
2024-11-18 23:17:00,88.86,1
2024-11-18 23:18:00,88.7,1
2024-11-18 23:19:00,88.67,1
2024-11-18 23:20:00,88.61,1
2024-11-18 23:21:00,88.57,1
2024-11-18 23:22:00,88.53,1
2024-11-18 23:23:00,88.48,1
2024-11-18 23:24:00,88.3,1
2024-11-18 23:25:00,88.27,1
2024-11-18 23:26:00,88.23,1
2024-11-18 23:27:00,88.19,1
2024-11-18 23:28:00,88.24,1
2024-11-18 23:29:00,88.19,1
2024-11-18 23:30:00,88.23,1
2024-11-18 23:31:00,88.44,1
2024-11-18 23:32:00,88.69,1
2024-11-18 23:33:00,88.67,1
2024-11-18 23:34:00,88.75,1
2024-11-18 23:35:00,88.86,1
2024-11-18 23:36:00,88.77,1
2024-11-18 23:37:00,88.82,1
2024-11-18 23:38:00,88.95,1
2024-11-18 23:39:00,89.06,1
2024-11-18 23:40:00,89.0,1
2024-11-18 23:41:00,89.03,1
2024-11-18 23:42:00,89.13,1
2024-11-18 23:43:00,89.12,1
2024-11-18 23:44:00,89.08,1
2024-11-18 23:45:00,89.12,1
2024-11-18 23:46:00,89.3,1
2024-11-18 23:47:00,89.22,1
2024-11-18 23:48:00,89.28,1
2024-11-18 23:49:00,89.22,1
2024-11-18 23:50:00,89.29,1
2024-11-18 23:51:00,89.4,1
2024-11-18 23:52:00,89.33,1
2024-11-18 23:53:00,89.18,1
2024-11-18 23:54:00,89.14,1
2024-11-18 23:55:00,89.1,1
2024-11-18 23:56:00,89.12,1
2024-11-18 23:57:00,89.12,1
2024-11-18 23:58:00,89.16,1
2024-11-18 23:59:00,89.17,1
2024-11-19 00:00:00,89.21,1
2024-11-19 00:01:00,89.2,1
2024-11-19 00:02:00,89.13,1
2024-11-19 00:03:00,88.96,1
2024-11-19 00:04:00,88.99,1
2024-11-19 00:05:00,89.03,1
2024-11-19 00:06:00,89.26,1
2024-11-19 00:07:00,89.12,1
2024-11-19 00:08:00,89.27,1
2024-11-19 00:09:00,89.18,1
2024-11-19 00:10:00,89.32,1
2024-11-19 00:11:00,89.27,1
2024-11-19 00:12:00,88.91,1
2024-11-19 00:13:00,88.82,1
2024-11-19 00:14:00,88.96,1
2024-11-19 00:15:00,88.96,1
2024-11-19 00:16:00,88.85,1
2024-11-19 00:17:00,88.86,1
2024-11-19 00:18:00,89.12,1
2024-11-19 00:19:00,89.11,1
2024-11-19 00:20:00,88.99,1
2024-11-19 00:21:00,89.05,1
2024-11-19 00:22:00,88.8,1
2024-11-19 00:23:00,88.97,1
2024-11-19 00:24:00,88.98,1
2024-11-19 00:25:00,89.1,1
2024-11-19 00:26:00,88.96,1
2024-11-19 00:27:00,89.08,1
2024-11-19 00:28:00,89.24,1
2024-11-19 00:29:00,89.17,1
2024-11-19 00:30:00,89.44,1
2024-11-19 00:31:00,89.09,1
2024-11-19 00:32:00,88.69,1
2024-11-19 00:33:00,88.59,1
2024-11-19 00:34:00,88.56,1
2024-11-19 00:35:00,88.56,1
2024-11-19 00:36:00,88.54,1
2024-11-19 00:37:00,88.68,1
2024-11-19 00:38:00,88.82,1
2024-11-19 00:39:00,88.86,1
2024-11-19 00:40:00,88.91,1
2024-11-19 00:41:00,89.06,1
2024-11-19 00:42:00,89.05,1
2024-11-19 00:43:00,89.23,1
2024-11-19 00:44:00,89.2,1
2024-11-19 00:45:00,89.2,1
2024-11-19 00:46:00,89.16,1
2024-11-19 00:47:00,89.11,1
2024-11-19 00:48:00,88.9,1
2024-11-19 00:49:00,88.97,1
2024-11-19 00:50:00,89.19,1
2024-11-19 00:51:00,89.25,1
2024-11-19 00:52:00,89.21,1
2024-11-19 00:53:00,89.23,1
2024-11-19 00:54:00,89.55,1
2024-11-19 00:55:00,89.5,1
2024-11-19 00:56:00,89.37,1
2024-11-19 00:57:00,89.49,1
2024-11-19 00:58:00,89.54,1
2024-11-19 00:59:00,89.34,1
2024-11-19 01:00:00,89.38,1
2024-11-19 01:01:00,89.45,1
2024-11-19 01:02:00,89.53,1
2024-11-19 01:03:00,89.37,1
2024-11-19 01:04:00,89.46,1
2024-11-19 01:05:00,89.19,1
2024-11-19 01:06:00,89.23,1
2024-11-19 01:07:00,89.38,1
2024-11-19 01:08:00,89.44,1
2024-11-19 01:09:00,89.32,1
2024-11-19 01:10:00,89.37,1
2024-11-19 01:11:00,89.3,1
2024-11-19 01:12:00,89.29,1
2024-11-19 01:13:00,89.21,1
2024-11-19 01:14:00,89.04,1
2024-11-19 01:15:00,88.84,1
2024-11-19 01:16:00,88.76,1
2024-11-19 01:17:00,88.7,1
2024-11-19 01:18:00,88.69,1
2024-11-19 01:19:00,88.66,1
2024-11-19 01:20:00,88.65,1
2024-11-19 01:21:00,88.73,1
2024-11-19 01:22:00,88.73,1
2024-11-19 01:23:00,88.68,1
2024-11-19 01:24:00,88.92,1
2024-11-19 01:25:00,88.95,1
2024-11-19 01:26:00,88.99,1
2024-11-19 01:27:00,88.94,1
2024-11-19 01:28:00,88.96,1
2024-11-19 01:29:00,88.87,1
2024-11-19 01:30:00,89.0,1
2024-11-19 01:31:00,89.31,1
2024-11-19 01:32:00,89.17,1
2024-11-19 01:33:00,89.04,1
2024-11-19 01:34:00,89.15,1
2024-11-19 01:35:00,89.27,1
2024-11-19 01:36:00,89.21,1
2024-11-19 01:37:00,89.13,1
2024-11-19 01:38:00,89.12,1
2024-11-19 01:39:00,88.96,1
2024-11-19 01:40:00,89.12,1
2024-11-19 01:41:00,89.09,1
2024-11-19 01:42:00,89.17,1
2024-11-19 01:43:00,89.19,1
2024-11-19 01:44:00,89.17,1
2024-11-19 01:45:00,89.23,1
2024-11-19 01:46:00,89.2,1
2024-11-19 01:47:00,88.96,1
2024-11-19 01:48:00,88.93,1
2024-11-19 01:49:00,89.0,1
2024-11-19 01:50:00,88.88,1
2024-11-19 01:51:00,88.77,1
2024-11-19 01:52:00,88.67,1
2024-11-19 01:53:00,88.74,1
2024-11-19 01:54:00,88.8,1
2024-11-19 01:55:00,88.9,1
2024-11-19 01:56:00,88.92,1
2024-11-19 01:57:00,88.92,1
2024-11-19 01:58:00,88.86,1
2024-11-19 01:59:00,88.65,1
2024-11-19 02:00:00,88.59,1
2024-11-19 02:01:00,88.62,1
2024-11-19 02:02:00,88.49,1
2024-11-19 02:03:00,88.53,1
2024-11-19 02:04:00,88.42,1
2024-11-19 02:05:00,88.57,1
2024-11-19 02:06:00,88.61,1
2024-11-19 02:07:00,88.55,1
2024-11-19 02:08:00,88.68,1
2024-11-19 02:09:00,88.66,1
2024-11-19 02:10:00,88.7,1
2024-11-19 02:11:00,88.69,1
2024-11-19 02:12:00,88.69,1
2024-11-19 02:13:00,88.57,1
2024-11-19 02:14:00,88.71,1
2024-11-19 02:15:00,88.77,1
2024-11-19 02:16:00,88.91,1
2024-11-19 02:17:00,88.98,1
2024-11-19 02:18:00,89.11,1
2024-11-19 02:19:00,89.01,1
2024-11-19 02:20:00,89.12,1
2024-11-19 02:21:00,89.03,1
2024-11-19 02:22:00,89.1,1
2024-11-19 02:23:00,89.07,1
2024-11-19 02:24:00,89.09,1
2024-11-19 02:25:00,89.08,1
2024-11-19 02:26:00,89.15,1
2024-11-19 02:27:00,89.07,1
2024-11-19 02:28:00,89.14,1
2024-11-19 02:29:00,89.01,1
2024-11-19 02:30:00,89.05,1
2024-11-19 02:31:00,88.87,1
2024-11-19 02:32:00,88.53,1
2024-11-19 02:33:00,88.66,1
2024-11-19 02:34:00,88.76,1
2024-11-19 02:35:00,88.85,1
2024-11-19 02:36:00,88.8,1
2024-11-19 02:37:00,88.82,1
2024-11-19 02:38:00,88.89,1
2024-11-19 02:39:00,88.9,1
2024-11-19 02:40:00,88.98,1
2024-11-19 02:41:00,88.98,1
2024-11-19 02:42:00,89.02,1
2024-11-19 02:43:00,89.17,1
2024-11-19 02:44:00,89.02,1
2024-11-19 02:45:00,88.98,1
2024-11-19 02:46:00,88.96,1
2024-11-19 02:47:00,88.91,1
2024-11-19 02:48:00,88.89,1
2024-11-19 02:49:00,88.86,1
2024-11-19 02:50:00,88.87,1
2024-11-19 02:51:00,88.87,1
2024-11-19 02:52:00,89.0,1
2024-11-19 02:53:00,88.86,1
2024-11-19 02:54:00,88.79,1
2024-11-19 02:55:00,88.76,1
2024-11-19 02:56:00,88.76,1
2024-11-19 02:57:00,88.9,1
2024-11-19 02:58:00,88.87,1
2024-11-19 02:59:00,88.88,1
2024-11-19 03:00:00,89.04,1
2024-11-19 03:01:00,88.94,1
2024-11-19 03:02:00,88.87,1
2024-11-19 03:03:00,88.88,1
2024-11-19 03:04:00,89.01,1
2024-11-19 03:05:00,88.93,1
2024-11-19 03:06:00,89.01,1
2024-11-19 03:07:00,89.12,1
2024-11-19 03:08:00,89.09,1
2024-11-19 03:09:00,89.08,1
2024-11-19 03:10:00,89.15,1
2024-11-19 03:11:00,89.18,1
2024-11-19 03:12:00,89.12,1
2024-11-19 03:13:00,89.18,1
2024-11-19 03:14:00,89.1,1
2024-11-19 03:15:00,89.11,1
2024-11-19 03:16:00,88.92,1
2024-11-19 03:17:00,88.94,1
2024-11-19 03:18:00,88.93,1
2024-11-19 03:19:00,88.92,1
2024-11-19 03:20:00,88.99,1
2024-11-19 03:21:00,88.9,1
2024-11-19 03:22:00,89.05,1
2024-11-19 03:23:00,89.03,1
2024-11-19 03:24:00,89.01,1
2024-11-19 03:25:00,89.07,1
2024-11-19 03:26:00,89.1,1
2024-11-19 03:27:00,89.13,1
2024-11-19 03:28:00,89.1,1
2024-11-19 03:29:00,89.13,1
2024-11-19 03:30:00,89.0,1
2024-11-19 03:31:00,88.91,1
2024-11-19 03:32:00,88.92,1
2024-11-19 03:33:00,88.9,1
2024-11-19 03:34:00,89.03,1
2024-11-19 03:35:00,89.08,1
2024-11-19 03:36:00,89.12,1
2024-11-19 03:37:00,89.15,1
2024-11-19 03:38:00,89.12,1
2024-11-19 03:39:00,89.25,1
2024-11-19 03:40:00,89.23,1
2024-11-19 03:41:00,89.14,1
2024-11-19 03:42:00,89.0,1
2024-11-19 03:43:00,89.0,1
2024-11-19 03:44:00,89.15,1
2024-11-19 03:45:00,89.12,1
2024-11-19 03:46:00,89.07,1
2024-11-19 03:47:00,89.11,1
2024-11-19 03:48:00,89.19,1
2024-11-19 03:49:00,89.25,1
2024-11-19 03:50:00,89.17,1
2024-11-19 03:51:00,89.15,1
2024-11-19 03:52:00,89.1,1
2024-11-19 03:53:00,89.12,1
2024-11-19 03:54:00,89.21,1
2024-11-19 03:55:00,89.21,1
2024-11-19 03:56:00,89.25,1
2024-11-19 03:57:00,89.31,1
2024-11-19 03:58:00,89.4,1
2024-11-19 03:59:00,89.41,1
2024-11-19 04:00:00,89.42,1
2024-11-19 04:01:00,89.41,1
2024-11-19 04:02:00,89.34,1
2024-11-19 04:03:00,89.28,1
2024-11-19 04:04:00,89.17,1
2024-11-19 04:05:00,89.09,1
2024-11-19 04:06:00,89.05,1
2024-11-19 04:07:00,89.08,1
2024-11-19 04:08:00,89.11,1
2024-11-19 04:09:00,89.02,1
2024-11-19 04:10:00,89.0,1
2024-11-19 04:11:00,89.06,1
2024-11-19 04:12:00,88.94,1
2024-11-19 04:13:00,88.86,1
2024-11-19 04:14:00,88.76,1
2024-11-19 04:15:00,88.87,1
2024-11-19 04:16:00,88.9,1
2024-11-19 04:17:00,88.66,1
2024-11-19 04:18:00,88.54,1
2024-11-19 04:19:00,88.63,1
2024-11-19 04:20:00,88.47,1
2024-11-19 04:21:00,88.7,1
2024-11-19 04:22:00,88.79,1
2024-11-19 04:23:00,88.85,1
2024-11-19 04:24:00,88.76,1
2024-11-19 04:25:00,88.41,1
2024-11-19 04:26:00,88.33,1
2024-11-19 04:27:00,88.31,1
2024-11-19 04:28:00,88.44,1
2024-11-19 04:29:00,88.4,1
2024-11-19 04:30:00,88.3,1
2024-11-19 04:31:00,88.28,1
2024-11-19 04:32:00,88.48,1
2024-11-19 04:33:00,88.41,1
2024-11-19 04:34:00,88.53,1
2024-11-19 04:35:00,88.71,1
2024-11-19 04:36:00,88.83,1
2024-11-19 04:37:00,88.82,1
2024-11-19 04:38:00,88.78,1
2024-11-19 04:39:00,88.86,1
2024-11-19 04:40:00,88.72,1
2024-11-19 04:41:00,88.72,1
2024-11-19 04:42:00,88.73,1
2024-11-19 04:43:00,88.76,1
2024-11-19 04:44:00,88.69,1
2024-11-19 04:45:00,88.71,1
2024-11-19 04:46:00,88.63,1
2024-11-19 04:47:00,88.58,1
2024-11-19 04:48:00,88.41,1
2024-11-19 04:49:00,88.37,1
2024-11-19 04:50:00,88.12,1
2024-11-19 04:51:00,88.08,1
2024-11-19 04:52:00,87.84,1
2024-11-19 04:53:00,87.92,1
2024-11-19 04:54:00,88.02,1
2024-11-19 04:55:00,87.96,1
2024-11-19 04:56:00,87.92,1
2024-11-19 04:57:00,88.08,1
2024-11-19 04:58:00,88.03,1
2024-11-19 04:59:00,88.04,1
2024-11-19 05:00:00,88.18,1
2024-11-19 05:01:00,87.88,1
2024-11-19 05:02:00,87.85,1
2024-11-19 05:03:00,87.99,1
2024-11-19 05:04:00,88.01,1
2024-11-19 05:05:00,88.2,1
2024-11-19 05:06:00,88.41,1
2024-11-19 05:07:00,88.5,1
2024-11-19 05:08:00,88.46,1
2024-11-19 05:09:00,88.61,1
2024-11-19 05:10:00,88.69,1
2024-11-19 05:11:00,88.62,1
2024-11-19 05:12:00,88.67,1
2024-11-19 05:13:00,88.76,1
2024-11-19 05:14:00,88.75,1
2024-11-19 05:15:00,88.89,1
2024-11-19 05:16:00,88.98,1
2024-11-19 05:17:00,88.99,1
2024-11-19 05:18:00,88.62,1
2024-11-19 05:19:00,88.14,1
2024-11-19 05:20:00,88.09,1
2024-11-19 05:21:00,87.96,1
2024-11-19 05:22:00,88.26,1
2024-11-19 05:23:00,88.21,1
2024-11-19 05:24:00,88.82,1
2024-11-19 05:25:00,88.54,1
2024-11-19 05:26:00,88.58,1
2024-11-19 05:27:00,88.7,1
2024-11-19 05:28:00,88.64,1
2024-11-19 05:29:00,88.7,1
2024-11-19 05:30:00,88.69,1
2024-11-19 05:31:00,88.63,1
2024-11-19 05:32:00,88.47,1
2024-11-19 05:33:00,88.63,1
2024-11-19 05:34:00,88.73,1
2024-11-19 05:35:00,88.88,1
2024-11-19 05:36:00,88.77,1
2024-11-19 05:37:00,88.89,1
2024-11-19 05:38:00,88.86,1
2024-11-19 05:39:00,88.84,1
2024-11-19 05:40:00,88.91,1
2024-11-19 05:41:00,88.98,1
2024-11-19 05:42:00,88.92,1
2024-11-19 05:43:00,88.85,1
2024-11-19 05:44:00,88.86,1
2024-11-19 05:45:00,88.92,1
2024-11-19 05:46:00,88.97,1
2024-11-19 05:47:00,89.11,1
2024-11-19 05:48:00,89.1,1
2024-11-19 05:49:00,89.1,1
2024-11-19 05:50:00,89.03,1
2024-11-19 05:51:00,89.08,1
2024-11-19 05:52:00,89.28,1
2024-11-19 05:53:00,89.29,1
2024-11-19 05:54:00,89.2,1
2024-11-19 05:55:00,89.19,1
2024-11-19 05:56:00,89.24,1
2024-11-19 05:57:00,89.22,1
2024-11-19 05:58:00,89.24,1
2024-11-19 05:59:00,89.24,1
2024-11-19 06:00:00,89.31,1
2024-11-19 06:01:00,89.23,1
2024-11-19 06:02:00,89.23,1
2024-11-19 06:03:00,89.19,1
2024-11-19 06:04:00,89.25,1
2024-11-19 06:05:00,89.36,1
2024-11-19 06:06:00,89.47,1
2024-11-19 06:07:00,89.55,1
2024-11-19 06:08:00,89.63,1
2024-11-19 06:09:00,89.79,1
2024-11-19 06:10:00,89.87,1
2024-11-19 06:11:00,89.89,1
2024-11-19 06:12:00,89.88,1
2024-11-19 06:13:00,89.74,1
2024-11-19 06:14:00,89.69,1
2024-11-19 06:15:00,89.57,1
2024-11-19 06:16:00,89.84,1
2024-11-19 06:17:00,89.71,1
2024-11-19 06:18:00,89.6,1
2024-11-19 06:19:00,89.53,1
2024-11-19 06:20:00,89.62,1
2024-11-19 06:21:00,89.54,1
2024-11-19 06:22:00,89.39,1
2024-11-19 06:23:00,89.43,1
2024-11-19 06:24:00,89.51,1
2024-11-19 06:25:00,89.38,1
2024-11-19 06:26:00,89.65,1
2024-11-19 06:27:00,89.51,1
2024-11-19 06:28:00,89.53,1
2024-11-19 06:29:00,89.62,1
2024-11-19 06:30:00,89.61,1
2024-11-19 06:31:00,89.55,1
2024-11-19 06:32:00,89.62,1
2024-11-19 06:33:00,89.53,1
2024-11-19 06:34:00,89.58,1
2024-11-19 06:35:00,89.49,1
2024-11-19 06:36:00,89.57,1
2024-11-19 06:37:00,89.6,1
2024-11-19 06:38:00,89.56,1
2024-11-19 06:39:00,89.52,1
2024-11-19 06:40:00,89.4,1
2024-11-19 06:41:00,89.48,1
2024-11-19 06:42:00,89.41,1
2024-11-19 06:43:00,89.38,1
2024-11-19 06:44:00,89.33,1
2024-11-19 06:45:00,89.44,1
2024-11-19 06:46:00,89.33,1
2024-11-19 06:47:00,89.28,1
2024-11-19 06:48:00,89.28,1
2024-11-19 06:49:00,89.2,1
2024-11-19 06:50:00,89.07,1
2024-11-19 06:51:00,89.09,1
2024-11-19 06:52:00,89.04,1
2024-11-19 06:53:00,89.18,1
2024-11-19 06:54:00,89.24,1
2024-11-19 06:55:00,89.26,1
2024-11-19 06:56:00,89.35,1
2024-11-19 06:57:00,89.35,1
2024-11-19 06:58:00,89.32,1
2024-11-19 06:59:00,89.4,1
2024-11-19 07:00:00,89.39,1
2024-11-19 07:01:00,89.31,1
2024-11-19 07:02:00,89.28,1
2024-11-19 07:03:00,89.37,1
2024-11-19 07:04:00,89.46,1
2024-11-19 07:05:00,89.62,1
2024-11-19 07:06:00,89.92,1
2024-11-19 07:07:00,89.92,1
2024-11-19 07:08:00,89.91,1
2024-11-19 07:09:00,89.91,1
2024-11-19 07:10:00,89.89,1
2024-11-19 07:11:00,89.94,1
2024-11-19 07:12:00,89.92,1
2024-11-19 07:13:00,89.99,1
2024-11-19 07:14:00,89.79,1
2024-11-19 07:15:00,89.68,1
2024-11-19 07:16:00,89.82,1
2024-11-19 07:17:00,89.86,1
2024-11-19 07:18:00,89.66,1
2024-11-19 07:19:00,89.72,1
2024-11-19 07:20:00,89.62,1
2024-11-19 07:21:00,89.86,1
2024-11-19 07:22:00,89.9,1
2024-11-19 07:23:00,89.9,1
2024-11-19 07:24:00,89.83,1
2024-11-19 07:25:00,89.98,1
2024-11-19 07:26:00,90.0,1
2024-11-19 07:27:00,89.8,1
2024-11-19 07:28:00,89.92,1
2024-11-19 07:29:00,89.91,1
2024-11-19 07:30:00,89.85,1
2024-11-19 07:31:00,89.81,1
2024-11-19 07:32:00,89.64,1
2024-11-19 07:33:00,89.56,1
2024-11-19 07:34:00,89.62,1
2024-11-19 07:35:00,90.04,1
2024-11-19 07:36:00,89.85,1
2024-11-19 07:37:00,89.89,1
2024-11-19 07:38:00,89.71,1
2024-11-19 07:39:00,89.72,1
2024-11-19 07:40:00,89.69,1
2024-11-19 07:41:00,89.72,1
2024-11-19 07:42:00,89.81,1
2024-11-19 07:43:00,89.61,1
2024-11-19 07:44:00,89.62,1
2024-11-19 07:45:00,89.51,1
2024-11-19 07:46:00,89.45,1
2024-11-19 07:47:00,89.45,1
2024-11-19 07:48:00,89.56,1
2024-11-19 07:49:00,89.55,1
2024-11-19 07:50:00,89.48,1
2024-11-19 07:51:00,89.44,1
2024-11-19 07:52:00,89.28,1
2024-11-19 07:53:00,89.29,1
2024-11-19 07:54:00,89.26,1
2024-11-19 07:55:00,89.28,1
2024-11-19 07:56:00,89.32,1
2024-11-19 07:57:00,89.3,1
2024-11-19 07:58:00,89.39,1
2024-11-19 07:59:00,89.35,1
2024-11-19 08:00:00,89.34,1
2024-11-19 08:01:00,89.37,1
2024-11-19 08:02:00,89.38,1
2024-11-19 08:03:00,89.35,1
2024-11-19 08:04:00,89.36,1
2024-11-19 08:05:00,89.32,1
2024-11-19 08:06:00,89.2,1
2024-11-19 08:07:00,89.37,1
2024-11-19 08:08:00,89.34,1
2024-11-19 08:09:00,89.66,1
2024-11-19 08:10:00,89.5,1
2024-11-19 08:11:00,89.44,1
2024-11-19 08:12:00,89.37,1
2024-11-19 08:13:00,89.57,1
2024-11-19 08:14:00,89.61,1
2024-11-19 08:15:00,89.58,1
2024-11-19 08:16:00,89.5,1
2024-11-19 08:17:00,89.37,1
2024-11-19 08:18:00,89.48,1
2024-11-19 08:19:00,89.41,1
2024-11-19 08:20:00,89.29,1
2024-11-19 08:21:00,89.39,1
2024-11-19 08:22:00,89.59,1
2024-11-19 08:23:00,89.53,1
2024-11-19 08:24:00,89.64,1
2024-11-19 08:25:00,89.73,1
2024-11-19 08:26:00,89.64,1
2024-11-19 08:27:00,89.43,1
2024-11-19 08:28:00,89.07,1
2024-11-19 08:29:00,89.08,1
2024-11-19 08:30:00,89.15,1
2024-11-19 08:31:00,89.26,1
2024-11-19 08:32:00,89.52,1
2024-11-19 08:33:00,89.49,1
2024-11-19 08:34:00,89.47,1
2024-11-19 08:35:00,89.53,1
2024-11-19 08:36:00,89.47,1
2024-11-19 08:37:00,89.42,1
2024-11-19 08:38:00,89.48,1
2024-11-19 08:39:00,89.31,1
2024-11-19 08:40:00,89.07,1
2024-11-19 08:41:00,89.14,1
2024-11-19 08:42:00,89.18,1
2024-11-19 08:43:00,89.22,1
2024-11-19 08:44:00,89.14,1
2024-11-19 08:45:00,89.2,1
2024-11-19 08:46:00,89.31,1
2024-11-19 08:47:00,89.35,1
2024-11-19 08:48:00,89.48,1
2024-11-19 08:49:00,89.43,1
2024-11-19 08:50:00,89.44,1
2024-11-19 08:51:00,89.56,1
2024-11-19 08:52:00,89.6,1
2024-11-19 08:53:00,89.66,1
2024-11-19 08:54:00,89.62,1
2024-11-19 08:55:00,89.59,1
2024-11-19 08:56:00,89.61,1
2024-11-19 08:57:00,89.59,1
2024-11-19 08:58:00,89.53,1
2024-11-19 08:59:00,89.49,1
2024-11-19 09:00:00,89.48,1
2024-11-19 09:01:00,89.53,1
2024-11-19 09:02:00,89.57,1
2024-11-19 09:03:00,89.65,1
2024-11-19 09:04:00,89.82,1
2024-11-19 09:05:00,89.97,1
2024-11-19 09:06:00,89.84,1
2024-11-19 09:07:00,89.78,1
2024-11-19 09:08:00,89.73,1
2024-11-19 09:09:00,89.75,1
2024-11-19 09:10:00,89.79,1
2024-11-19 09:11:00,89.91,1
2024-11-19 09:12:00,89.85,1
2024-11-19 09:13:00,89.86,1
2024-11-19 09:14:00,89.81,1
2024-11-19 09:15:00,89.73,1
2024-11-19 09:16:00,89.78,1
2024-11-19 09:17:00,89.45,1
2024-11-19 09:18:00,89.27,1
2024-11-19 09:19:00,89.1,1
2024-11-19 09:20:00,88.81,1
2024-11-19 09:21:00,88.7,1
2024-11-19 09:22:00,88.65,1
2024-11-19 09:23:00,88.81,1
2024-11-19 09:24:00,88.67,1
2024-11-19 09:25:00,88.6,1
2024-11-19 09:26:00,88.6,1
2024-11-19 09:27:00,88.5,1
2024-11-19 09:28:00,88.4,1
2024-11-19 09:29:00,88.34,1
2024-11-19 09:30:00,88.06,1
2024-11-19 09:31:00,88.18,1
2024-11-19 09:32:00,87.94,1
2024-11-19 09:33:00,88.01,1
2024-11-19 09:34:00,88.13,1
2024-11-19 09:35:00,88.18,1
2024-11-19 09:36:00,88.17,1
2024-11-19 09:37:00,88.2,1
2024-11-19 09:38:00,88.28,1
2024-11-19 09:39:00,88.17,1
2024-11-19 09:40:00,88.24,1
2024-11-19 09:41:00,88.04,1
2024-11-19 09:42:00,88.08,1
2024-11-19 09:43:00,87.96,1
2024-11-19 09:44:00,87.93,1
2024-11-19 09:45:00,87.83,1
2024-11-19 09:46:00,87.52,1
2024-11-19 09:47:00,87.61,1
2024-11-19 09:48:00,87.52,1
2024-11-19 09:49:00,87.68,1
2024-11-19 09:50:00,87.77,1
2024-11-19 09:51:00,87.46,1
2024-11-19 09:52:00,87.66,1
2024-11-19 09:53:00,87.81,1
2024-11-19 09:54:00,87.78,1
2024-11-19 09:55:00,87.66,1
2024-11-19 09:56:00,87.87,1
2024-11-19 09:57:00,87.8,1
2024-11-19 09:58:00,87.93,1
2024-11-19 09:59:00,87.87,1
2024-11-19 10:00:00,87.81,1
2024-11-19 10:01:00,87.64,1
2024-11-19 10:02:00,87.9,1
2024-11-19 10:03:00,87.83,1
2024-11-19 10:04:00,87.8,1
2024-11-19 10:05:00,87.79,1
2024-11-19 10:06:00,87.47,1
2024-11-19 10:07:00,87.48,1
2024-11-19 10:08:00,87.44,1
2024-11-19 10:09:00,87.43,1
2024-11-19 10:10:00,87.51,1
2024-11-19 10:11:00,87.68,1
2024-11-19 10:12:00,87.65,1
2024-11-19 10:13:00,87.68,1
2024-11-19 10:14:00,87.7,1
2024-11-19 10:15:00,87.78,1
2024-11-19 10:16:00,87.83,1
2024-11-19 10:17:00,87.94,1
2024-11-19 10:18:00,88.11,1
2024-11-19 10:19:00,88.11,1
2024-11-19 10:20:00,88.03,1
2024-11-19 10:21:00,88.1,1
2024-11-19 10:22:00,88.19,1
2024-11-19 10:23:00,88.25,1
2024-11-19 10:24:00,88.23,1
2024-11-19 10:25:00,88.37,1
2024-11-19 10:26:00,88.32,1
2024-11-19 10:27:00,88.32,1
2024-11-19 10:28:00,88.43,1
2024-11-19 10:29:00,88.34,1
2024-11-19 10:30:00,88.38,1
2024-11-19 10:31:00,88.13,1
2024-11-19 10:32:00,88.07,1
2024-11-19 10:33:00,88.05,1
2024-11-19 10:34:00,88.21,1
2024-11-19 10:35:00,88.15,1
2024-11-19 10:36:00,88.18,1
2024-11-19 10:37:00,88.07,1
2024-11-19 10:38:00,88.13,1
2024-11-19 10:39:00,88.12,1
2024-11-19 10:40:00,88.14,1
2024-11-19 10:41:00,88.1,1
2024-11-19 10:42:00,87.99,1
2024-11-19 10:43:00,88.08,1
2024-11-19 10:44:00,88.1,1
2024-11-19 10:45:00,88.01,1
2024-11-19 10:46:00,88.07,1
2024-11-19 10:47:00,88.11,1
2024-11-19 10:48:00,88.21,1
2024-11-19 10:49:00,88.2,1
2024-11-19 10:50:00,88.12,1
2024-11-19 10:51:00,88.22,1
2024-11-19 10:52:00,88.29,1
2024-11-19 10:53:00,88.29,1
2024-11-19 10:54:00,88.27,1
2024-11-19 10:55:00,88.29,1
2024-11-19 10:56:00,88.24,1
2024-11-19 10:57:00,88.24,1
2024-11-19 10:58:00,88.22,1
2024-11-19 10:59:00,88.23,1
2024-11-19 11:00:00,88.27,1
2024-11-19 11:01:00,88.25,1
2024-11-19 11:02:00,88.25,1
2024-11-19 11:03:00,88.31,1
2024-11-19 11:04:00,88.57,1
2024-11-19 11:05:00,88.37,1
2024-11-19 11:06:00,88.23,1
2024-11-19 11:07:00,87.9,1
2024-11-19 11:08:00,87.85,1
2024-11-19 11:09:00,87.94,1
2024-11-19 11:10:00,87.95,1
2024-11-19 11:11:00,88.0,1
2024-11-19 11:12:00,88.02,1
2024-11-19 11:13:00,87.99,1
2024-11-19 11:14:00,88.11,1
2024-11-19 11:15:00,88.13,1
2024-11-19 11:16:00,88.07,1
2024-11-19 11:17:00,88.07,1
2024-11-19 11:18:00,87.91,1
2024-11-19 11:19:00,87.77,1
2024-11-19 11:20:00,87.81,1
2024-11-19 11:21:00,87.91,1
2024-11-19 11:22:00,87.95,1
2024-11-19 11:23:00,87.98,1
2024-11-19 11:24:00,87.91,1
2024-11-19 11:25:00,87.91,1
2024-11-19 11:26:00,87.83,1
2024-11-19 11:27:00,87.86,1
2024-11-19 11:28:00,87.73,1
2024-11-19 11:29:00,87.8,1
2024-11-19 11:30:00,87.77,1
2024-11-19 11:31:00,87.8,1
2024-11-19 11:32:00,87.86,1
2024-11-19 11:33:00,87.84,1
2024-11-19 11:34:00,87.95,1
2024-11-19 11:35:00,87.91,1
2024-11-19 11:36:00,87.9,1
2024-11-19 11:37:00,88.0,1
2024-11-19 11:38:00,87.91,1
2024-11-19 11:39:00,87.96,1
2024-11-19 11:40:00,88.05,1
2024-11-19 11:41:00,88.01,1
2024-11-19 11:42:00,88.03,1
2024-11-19 11:43:00,88.06,1
2024-11-19 11:44:00,87.98,1
2024-11-19 11:45:00,87.99,1
2024-11-19 11:46:00,88.04,1
2024-11-19 11:47:00,88.03,1
2024-11-19 11:48:00,88.05,1
2024-11-19 11:49:00,88.08,1
2024-11-19 11:50:00,87.59,1
2024-11-19 11:51:00,87.73,1
2024-11-19 11:52:00,87.76,1
2024-11-19 11:53:00,87.8,1
2024-11-19 11:54:00,87.86,1
2024-11-19 11:55:00,87.88,1
2024-11-19 11:56:00,87.94,1
2024-11-19 11:57:00,87.95,1
2024-11-19 11:58:00,87.96,1
2024-11-19 11:59:00,88.03,1
2024-11-19 12:00:00,88.02,1
2024-11-19 12:01:00,88.06,1
2024-11-19 12:02:00,88.19,1
2024-11-19 12:03:00,88.31,1
2024-11-19 12:04:00,88.31,1
2024-11-19 12:05:00,88.39,1
2024-11-19 12:06:00,88.41,1
2024-11-19 12:07:00,88.42,1
2024-11-19 12:08:00,88.54,1
2024-11-19 12:09:00,88.51,1
2024-11-19 12:10:00,88.47,1
2024-11-19 12:11:00,88.46,1
2024-11-19 12:12:00,88.49,1
2024-11-19 12:13:00,88.53,1
2024-11-19 12:14:00,88.42,1
2024-11-19 12:15:00,88.59,1
2024-11-19 12:16:00,88.67,1
2024-11-19 12:17:00,88.45,1
2024-11-19 12:18:00,88.52,1
2024-11-19 12:19:00,88.56,1
2024-11-19 12:20:00,88.63,1
2024-11-19 12:21:00,88.75,1
2024-11-19 12:22:00,88.69,1
2024-11-19 12:23:00,88.67,1
2024-11-19 12:24:00,88.68,1
2024-11-19 12:25:00,88.76,1
2024-11-19 12:26:00,88.77,1
2024-11-19 12:27:00,88.86,1
2024-11-19 12:28:00,89.02,1
2024-11-19 12:29:00,88.96,1
2024-11-19 12:30:00,88.87,1
2024-11-19 12:31:00,88.94,1
2024-11-19 12:32:00,88.89,1
2024-11-19 12:33:00,88.69,1
2024-11-19 12:34:00,88.75,1
2024-11-19 12:35:00,88.82,1
2024-11-19 12:36:00,88.93,1
2024-11-19 12:37:00,88.98,1
2024-11-19 12:38:00,88.85,1
2024-11-19 12:39:00,88.88,1
2024-11-19 12:40:00,88.72,1
2024-11-19 12:41:00,88.93,1
2024-11-19 12:42:00,88.89,1
2024-11-19 12:43:00,88.82,1
2024-11-19 12:44:00,88.76,1
2024-11-19 12:45:00,88.65,1
2024-11-19 12:46:00,88.55,1
2024-11-19 12:47:00,88.45,1
2024-11-19 12:48:00,88.6,1
2024-11-19 12:49:00,88.62,1
2024-11-19 12:50:00,88.55,1
2024-11-19 12:51:00,88.62,1
2024-11-19 12:52:00,88.63,1
2024-11-19 12:53:00,88.63,1
2024-11-19 12:54:00,88.57,1
2024-11-19 12:55:00,88.56,1
2024-11-19 12:56:00,88.51,1
2024-11-19 12:57:00,88.56,1
2024-11-19 12:58:00,88.41,1
2024-11-19 12:59:00,88.39,1
2024-11-19 13:00:00,88.47,1
2024-11-19 13:01:00,88.41,1
2024-11-19 13:02:00,88.3,1
2024-11-19 13:03:00,88.44,1
2024-11-19 13:04:00,88.43,1
2024-11-19 13:05:00,88.2,1
2024-11-19 13:06:00,88.29,1
2024-11-19 13:07:00,88.33,1
2024-11-19 13:08:00,88.35,1
2024-11-19 13:09:00,88.26,1
2024-11-19 13:10:00,88.33,1
2024-11-19 13:11:00,88.42,1
2024-11-19 13:12:00,88.06,1
2024-11-19 13:13:00,88.13,1
2024-11-19 13:14:00,88.26,1
2024-11-19 13:15:00,88.42,1
2024-11-19 13:16:00,88.39,1
2024-11-19 13:17:00,88.12,1
2024-11-19 13:18:00,88.05,1
2024-11-19 13:19:00,87.99,1
2024-11-19 13:20:00,87.85,1
2024-11-19 13:21:00,87.85,1
2024-11-19 13:22:00,87.85,1
2024-11-19 13:23:00,87.67,1
2024-11-19 13:24:00,87.51,1
2024-11-19 13:25:00,87.78,1
2024-11-19 13:26:00,87.7,1
2024-11-19 13:27:00,87.74,1
2024-11-19 13:28:00,87.89,1
2024-11-19 13:29:00,87.95,1
2024-11-19 13:30:00,87.93,1
2024-11-19 13:31:00,87.76,1
2024-11-19 13:32:00,87.6,1
2024-11-19 13:33:00,87.82,1
2024-11-19 13:34:00,87.43,1
2024-11-19 13:35:00,87.6,1
2024-11-19 13:36:00,87.36,1
2024-11-19 13:37:00,87.47,1
2024-11-19 13:38:00,87.52,1
2024-11-19 13:39:00,87.26,1
2024-11-19 13:40:00,87.3,1
2024-11-19 13:41:00,87.19,1
2024-11-19 13:42:00,87.0,1
2024-11-19 13:43:00,86.92,1
2024-11-19 13:44:00,86.85,1
2024-11-19 13:45:00,86.7,1
2024-11-19 13:46:00,86.92,1
2024-11-19 13:47:00,86.97,1
2024-11-19 13:48:00,86.99,1
2024-11-19 13:49:00,87.02,1
2024-11-19 13:50:00,86.86,1
2024-11-19 13:51:00,86.92,1
2024-11-19 13:52:00,86.8,1
2024-11-19 13:53:00,86.82,1
2024-11-19 13:54:00,86.46,1
2024-11-19 13:55:00,86.15,1
2024-11-19 13:56:00,86.03,1
2024-11-19 13:57:00,86.37,1
2024-11-19 13:58:00,86.38,1
2024-11-19 13:59:00,86.29,1
2024-11-19 14:00:00,86.05,1
2024-11-19 14:01:00,86.05,1
2024-11-19 14:02:00,86.26,1
2024-11-19 14:03:00,86.48,1
2024-11-19 14:04:00,86.57,1
2024-11-19 14:05:00,86.4,1
2024-11-19 14:06:00,86.13,1
2024-11-19 14:07:00,86.05,1
2024-11-19 14:08:00,86.27,1
2024-11-19 14:09:00,86.45,1
2024-11-19 14:10:00,86.57,1
2024-11-19 14:11:00,86.28,1
2024-11-19 14:12:00,86.38,1
2024-11-19 14:13:00,86.42,1
2024-11-19 14:14:00,86.53,1
2024-11-19 14:15:00,86.7,1
2024-11-19 14:16:00,86.47,1
2024-11-19 14:17:00,86.54,1
2024-11-19 14:18:00,86.73,1
2024-11-19 14:19:00,86.75,1
2024-11-19 14:20:00,86.48,1
2024-11-19 14:21:00,86.32,1
2024-11-19 14:22:00,86.42,1
2024-11-19 14:23:00,86.3,1
2024-11-19 14:24:00,86.33,1
2024-11-19 14:25:00,86.32,1
2024-11-19 14:26:00,86.33,1
2024-11-19 14:27:00,86.37,1
2024-11-19 14:28:00,86.4,1
2024-11-19 14:29:00,86.51,1
2024-11-19 14:30:00,86.6,1
2024-11-19 14:31:00,86.55,1
2024-11-19 14:32:00,86.51,1
2024-11-19 14:33:00,86.24,1
2024-11-19 14:34:00,86.08,1
2024-11-19 14:35:00,86.24,1
2024-11-19 14:36:00,86.32,1
2024-11-19 14:37:00,86.56,1
2024-11-19 14:38:00,86.49,1
2024-11-19 14:39:00,86.75,1
2024-11-19 14:40:00,86.71,1
2024-11-19 14:41:00,86.73,1
2024-11-19 14:42:00,86.83,1
2024-11-19 14:43:00,86.76,1
2024-11-19 14:44:00,86.78,1
2024-11-19 14:45:00,86.99,1
2024-11-19 14:46:00,87.16,1
2024-11-19 14:47:00,87.13,1
2024-11-19 14:48:00,87.04,1
2024-11-19 14:49:00,87.25,1
2024-11-19 14:50:00,87.24,1
2024-11-19 14:51:00,86.87,1
2024-11-19 14:52:00,86.93,1
2024-11-19 14:53:00,87.21,1
2024-11-19 14:54:00,87.15,1
2024-11-19 14:55:00,86.97,1
2024-11-19 14:56:00,86.9,1
2024-11-19 14:57:00,86.69,1
2024-11-19 14:58:00,86.8,1
2024-11-19 14:59:00,86.72,1
2024-11-19 15:00:00,86.77,1
2024-11-19 15:01:00,86.82,1
2024-11-19 15:02:00,87.07,1
2024-11-19 15:03:00,86.97,1
2024-11-19 15:04:00,87.14,1
2024-11-19 15:05:00,87.19,1
2024-11-19 15:06:00,87.13,1
2024-11-19 15:07:00,87.1,1
2024-11-19 15:08:00,87.05,1
2024-11-19 15:09:00,87.08,1
2024-11-19 15:10:00,87.07,1
2024-11-19 15:11:00,86.96,1
2024-11-19 15:12:00,87.03,1
2024-11-19 15:13:00,87.03,1
2024-11-19 15:14:00,86.94,1
2024-11-19 15:15:00,86.85,1
2024-11-19 15:16:00,86.63,1
2024-11-19 15:17:00,86.71,1
2024-11-19 15:18:00,86.72,1
2024-11-19 15:19:00,86.72,1
2024-11-19 15:20:00,86.8,1
2024-11-19 15:21:00,86.54,1
2024-11-19 15:22:00,86.7,1
2024-11-19 15:23:00,86.77,1
2024-11-19 15:24:00,86.78,1
2024-11-19 15:25:00,86.8,1
2024-11-19 15:26:00,86.85,1
2024-11-19 15:27:00,86.87,1
2024-11-19 15:28:00,86.73,1
2024-11-19 15:29:00,86.72,1
2024-11-19 15:30:00,86.76,1
2024-11-19 15:31:00,86.6,1
2024-11-19 15:32:00,86.87,1
2024-11-19 15:33:00,86.92,1
2024-11-19 15:34:00,87.13,1
2024-11-19 15:35:00,87.04,1
2024-11-19 15:36:00,86.99,1
2024-11-19 15:37:00,87.12,1
2024-11-19 15:38:00,87.2,1
2024-11-19 15:39:00,87.18,1
2024-11-19 15:40:00,87.06,1
2024-11-19 15:41:00,86.92,1
2024-11-19 15:42:00,86.82,1
2024-11-19 15:43:00,86.77,1
2024-11-19 15:44:00,86.92,1
2024-11-19 15:45:00,86.92,1
2024-11-19 15:46:00,87.09,1
2024-11-19 15:47:00,86.98,1
2024-11-19 15:48:00,87.05,1
2024-11-19 15:49:00,87.11,1
2024-11-19 15:50:00,87.23,1
2024-11-19 15:51:00,87.24,1
2024-11-19 15:52:00,87.24,1
2024-11-19 15:53:00,87.24,1
2024-11-19 15:54:00,87.14,1
2024-11-19 15:55:00,87.01,1
2024-11-19 15:56:00,87.03,1
2024-11-19 15:57:00,87.14,1
2024-11-19 15:58:00,87.19,1
2024-11-19 15:59:00,87.25,1
2024-11-19 16:00:00,87.25,1
2024-11-19 16:01:00,87.2,1
2024-11-19 16:02:00,87.18,1
2024-11-19 16:03:00,87.08,1
2024-11-19 16:04:00,87.16,1
2024-11-19 16:05:00,87.08,1
2024-11-19 16:06:00,86.9,1
2024-11-19 16:07:00,86.76,1
2024-11-19 16:08:00,86.77,1
2024-11-19 16:09:00,86.86,1
2024-11-19 16:10:00,86.79,1
2024-11-19 16:11:00,86.87,1
2024-11-19 16:12:00,86.84,1
2024-11-19 16:13:00,86.79,1
2024-11-19 16:14:00,86.92,1
2024-11-19 16:15:00,86.7,1
2024-11-19 16:16:00,86.71,1
2024-11-19 16:17:00,86.87,1
2024-11-19 16:18:00,86.98,1
2024-11-19 16:19:00,86.92,1
2024-11-19 16:20:00,86.91,1
2024-11-19 16:21:00,86.99,1
2024-11-19 16:22:00,86.95,1
2024-11-19 16:23:00,86.98,1
2024-11-19 16:24:00,86.95,1
2024-11-19 16:25:00,87.07,1
2024-11-19 16:26:00,87.12,1
2024-11-19 16:27:00,87.07,1
2024-11-19 16:28:00,87.2,1
2024-11-19 16:29:00,87.31,1
2024-11-19 16:30:00,87.34,1
2024-11-19 16:31:00,87.45,1
2024-11-19 16:32:00,87.39,1
2024-11-19 16:33:00,87.52,1
2024-11-19 16:34:00,87.43,1
2024-11-19 16:35:00,87.42,1
2024-11-19 16:36:00,87.45,1
2024-11-19 16:37:00,87.47,1
2024-11-19 16:38:00,87.51,1
2024-11-19 16:39:00,87.3,1
2024-11-19 16:40:00,87.22,1
2024-11-19 16:41:00,87.25,1
2024-11-19 16:42:00,87.19,1
2024-11-19 16:43:00,87.21,1
2024-11-19 16:44:00,87.11,1
2024-11-19 16:45:00,87.19,1
2024-11-19 16:46:00,87.17,1
2024-11-19 16:47:00,87.15,1
2024-11-19 16:48:00,87.0,1
2024-11-19 16:49:00,86.93,1
2024-11-19 16:50:00,87.07,1
2024-11-19 16:51:00,87.08,1
2024-11-19 16:52:00,86.97,1
2024-11-19 16:53:00,87.11,1
2024-11-19 16:54:00,86.96,1
2024-11-19 16:55:00,86.81,1
2024-11-19 16:56:00,86.63,1
2024-11-19 16:57:00,86.78,1
2024-11-19 16:58:00,86.59,1
2024-11-19 16:59:00,86.6,1
2024-11-19 17:00:00,86.58,1
2024-11-19 17:01:00,86.54,1
2024-11-19 17:02:00,86.54,1
2024-11-19 17:03:00,86.59,1
2024-11-19 17:04:00,86.76,1
2024-11-19 17:05:00,86.75,1
2024-11-19 17:06:00,86.81,1
2024-11-19 17:07:00,86.97,1
2024-11-19 17:08:00,86.86,1
2024-11-19 17:09:00,86.88,1
2024-11-19 17:10:00,87.02,1
2024-11-19 17:11:00,86.95,1
2024-11-19 17:12:00,86.92,1
2024-11-19 17:13:00,86.87,1
2024-11-19 17:14:00,86.85,1
2024-11-19 17:15:00,86.85,1
2024-11-19 17:16:00,86.96,1
2024-11-19 17:17:00,86.86,1
2024-11-19 17:18:00,86.86,1
2024-11-19 17:19:00,86.95,1
2024-11-19 17:20:00,86.92,1
2024-11-19 17:21:00,86.84,1
2024-11-19 17:22:00,86.83,1
2024-11-19 17:23:00,86.69,1
2024-11-19 17:24:00,86.82,1
2024-11-19 17:25:00,86.87,1
2024-11-19 17:26:00,86.87,1
2024-11-19 17:27:00,86.74,1
2024-11-19 17:28:00,86.71,1
2024-11-19 17:29:00,86.74,1
2024-11-19 17:30:00,86.72,1
2024-11-19 17:31:00,86.7,1
2024-11-19 17:32:00,86.69,1
2024-11-19 17:33:00,86.7,1
2024-11-19 17:34:00,86.79,1
2024-11-19 17:35:00,87.05,1
2024-11-19 17:36:00,87.04,1
2024-11-19 17:37:00,87.26,1
2024-11-19 17:38:00,87.25,1
2024-11-19 17:39:00,87.2,1
2024-11-19 17:40:00,87.27,1
2024-11-19 17:41:00,87.18,1
2024-11-19 17:42:00,87.1,1
2024-11-19 17:43:00,87.07,1
2024-11-19 17:44:00,87.05,1
2024-11-19 17:45:00,87.02,1
2024-11-19 17:46:00,86.95,1
2024-11-19 17:47:00,86.86,1
2024-11-19 17:48:00,87.0,1
2024-11-19 17:49:00,86.91,1
2024-11-19 17:50:00,86.85,1
2024-11-19 17:51:00,86.9,1
2024-11-19 17:52:00,86.95,1
2024-11-19 17:53:00,86.91,1
2024-11-19 17:54:00,86.84,1
2024-11-19 17:55:00,86.73,1
2024-11-19 17:56:00,86.84,1
2024-11-19 17:57:00,86.81,1
2024-11-19 17:58:00,86.77,1
2024-11-19 17:59:00,86.77,1
2024-11-19 18:00:00,86.78,1
2024-11-19 18:01:00,86.77,1
2024-11-19 18:02:00,86.71,1
2024-11-19 18:03:00,86.88,1
2024-11-19 18:04:00,86.77,1
2024-11-19 18:05:00,86.74,1
2024-11-19 18:06:00,86.63,1
2024-11-19 18:07:00,86.7,1
2024-11-19 18:08:00,86.75,1
2024-11-19 18:09:00,86.84,1
2024-11-19 18:10:00,87.04,1
2024-11-19 18:11:00,87.13,1
2024-11-19 18:12:00,87.12,1
2024-11-19 18:13:00,87.12,1
2024-11-19 18:14:00,87.38,1
2024-11-19 18:15:00,87.54,1
2024-11-19 18:16:00,87.48,1
2024-11-19 18:17:00,87.74,1
2024-11-19 18:18:00,87.44,1
2024-11-19 18:19:00,87.28,1
2024-11-19 18:20:00,87.32,1
2024-11-19 18:21:00,87.38,1
2024-11-19 18:22:00,87.35,1
2024-11-19 18:23:00,87.34,1
2024-11-19 18:24:00,87.35,1
2024-11-19 18:25:00,87.28,1
2024-11-19 18:26:00,87.35,1
2024-11-19 18:27:00,87.34,1
2024-11-19 18:28:00,87.27,1
2024-11-19 18:29:00,87.62,1
2024-11-19 18:30:00,87.72,1
2024-11-19 18:31:00,87.69,1
2024-11-19 18:32:00,87.72,1
2024-11-19 18:33:00,87.79,1
2024-11-19 18:34:00,87.7,1
2024-11-19 18:35:00,87.73,1
2024-11-19 18:36:00,87.71,1
2024-11-19 18:37:00,87.8,1
2024-11-19 18:38:00,87.78,1
2024-11-19 18:39:00,87.62,1
2024-11-19 18:40:00,87.67,1
2024-11-19 18:41:00,87.63,1
2024-11-19 18:42:00,87.47,1
2024-11-19 18:43:00,87.26,1
2024-11-19 18:44:00,87.29,1
2024-11-19 18:45:00,87.26,1
2024-11-19 18:46:00,87.25,1
2024-11-19 18:47:00,87.55,1
2024-11-19 18:48:00,87.56,1
2024-11-19 18:49:00,87.58,1
2024-11-19 18:50:00,87.45,1
2024-11-19 18:51:00,87.56,1
2024-11-19 18:52:00,87.73,1
2024-11-19 18:53:00,87.86,1
2024-11-19 18:54:00,88.01,1
2024-11-19 18:55:00,88.02,1
2024-11-19 18:56:00,88.17,1
2024-11-19 18:57:00,88.16,1
2024-11-19 18:58:00,88.18,1
2024-11-19 18:59:00,88.15,1
2024-11-19 19:00:00,88.0,1
2024-11-19 19:01:00,88.17,1
2024-11-19 19:02:00,87.74,1
2024-11-19 19:03:00,87.6,1
2024-11-19 19:04:00,87.55,1
2024-11-19 19:05:00,87.66,1
2024-11-19 19:06:00,87.7,1
2024-11-19 19:07:00,87.71,1
2024-11-19 19:08:00,87.89,1
2024-11-19 19:09:00,87.81,1
2024-11-19 19:10:00,87.78,1
2024-11-19 19:11:00,88.02,1
2024-11-19 19:12:00,88.23,1
2024-11-19 19:13:00,88.14,1
2024-11-19 19:14:00,88.12,1
2024-11-19 19:15:00,88.18,1
2024-11-19 19:16:00,88.12,1
2024-11-19 19:17:00,88.15,1
2024-11-19 19:18:00,88.1,1
2024-11-19 19:19:00,88.12,1
2024-11-19 19:20:00,88.07,1
2024-11-19 19:21:00,88.14,1
2024-11-19 19:22:00,88.06,1
2024-11-19 19:23:00,87.92,1
2024-11-19 19:24:00,87.82,1
2024-11-19 19:25:00,87.93,1
2024-11-19 19:26:00,87.86,1
2024-11-19 19:27:00,87.97,1
2024-11-19 19:28:00,87.87,1
2024-11-19 19:29:00,87.89,1
2024-11-19 19:30:00,87.9,1
2024-11-19 19:31:00,87.94,1
2024-11-19 19:32:00,87.81,1
2024-11-19 19:33:00,87.76,1
2024-11-19 19:34:00,87.89,1
2024-11-19 19:35:00,87.86,1
2024-11-19 19:36:00,87.9,1
2024-11-19 19:37:00,87.98,1
2024-11-19 19:38:00,88.01,1
2024-11-19 19:39:00,87.95,1
2024-11-19 19:40:00,87.94,1
2024-11-19 19:41:00,87.96,1
2024-11-19 19:42:00,88.07,1
2024-11-19 19:43:00,87.97,1
2024-11-19 19:44:00,87.89,1
2024-11-19 19:45:00,87.99,1
2024-11-19 19:46:00,87.92,1
2024-11-19 19:47:00,87.94,1
2024-11-19 19:48:00,87.96,1
2024-11-19 19:49:00,87.87,1
2024-11-19 19:50:00,87.76,1
2024-11-19 19:51:00,87.84,1
2024-11-19 19:52:00,87.94,1
2024-11-19 19:53:00,87.89,1
2024-11-19 19:54:00,87.79,1
2024-11-19 19:55:00,87.65,1
2024-11-19 19:56:00,87.48,1
2024-11-19 19:57:00,87.43,1
2024-11-19 19:58:00,87.31,1
2024-11-19 19:59:00,87.29,1
2024-11-19 20:00:00,87.35,1
2024-11-19 20:01:00,87.31,1
2024-11-19 20:02:00,87.36,1
2024-11-19 20:03:00,87.4,1
2024-11-19 20:04:00,87.45,1
2024-11-19 20:05:00,87.56,1
2024-11-19 20:06:00,87.61,1
2024-11-19 20:07:00,87.64,1
2024-11-19 20:08:00,87.61,1
2024-11-19 20:09:00,87.69,1
2024-11-19 20:10:00,87.65,1
2024-11-19 20:11:00,87.61,1
2024-11-19 20:12:00,87.63,1
2024-11-19 20:13:00,87.57,1
2024-11-19 20:14:00,87.56,1
2024-11-19 20:15:00,87.44,1
2024-11-19 20:16:00,87.3,1
2024-11-19 20:17:00,87.22,1
2024-11-19 20:18:00,87.18,1
2024-11-19 20:19:00,87.32,1
2024-11-19 20:20:00,87.3,1
2024-11-19 20:21:00,87.14,1
2024-11-19 20:22:00,87.08,1
2024-11-19 20:23:00,87.05,1
2024-11-19 20:24:00,86.93,1
2024-11-19 20:25:00,86.88,1
2024-11-19 20:26:00,86.64,1
2024-11-19 20:27:00,86.74,1
2024-11-19 20:28:00,86.72,1
2024-11-19 20:29:00,86.82,1
2024-11-19 20:30:00,86.87,1
2024-11-19 20:31:00,86.87,1
2024-11-19 20:32:00,86.7,1
2024-11-19 20:33:00,86.75,1
2024-11-19 20:34:00,86.8,1
2024-11-19 20:35:00,86.79,1
2024-11-19 20:36:00,86.77,1
2024-11-19 20:37:00,86.65,1
2024-11-19 20:38:00,86.72,1
2024-11-19 20:39:00,86.68,1
2024-11-19 20:40:00,86.62,1
2024-11-19 20:41:00,86.58,1
2024-11-19 20:42:00,86.5,1
2024-11-19 20:43:00,86.61,1
2024-11-19 20:44:00,86.72,1
2024-11-19 20:45:00,86.8,1
2024-11-19 20:46:00,86.63,1
2024-11-19 20:47:00,86.57,1
2024-11-19 20:48:00,86.39,1
2024-11-19 20:49:00,86.29,1
2024-11-19 20:50:00,86.14,1
2024-11-19 20:51:00,86.05,1
2024-11-19 20:52:00,86.1,1
2024-11-19 20:53:00,86.09,1
2024-11-19 20:54:00,85.95,1
2024-11-19 20:55:00,85.77,1
2024-11-19 20:56:00,85.77,1
2024-11-19 20:57:00,86.16,1
2024-11-19 20:58:00,86.38,1
2024-11-19 20:59:00,86.43,1
2024-11-19 21:00:00,86.54,1
2024-11-19 21:01:00,86.36,1
2024-11-19 21:02:00,86.28,1
2024-11-19 21:03:00,86.28,1
2024-11-19 21:04:00,86.41,1
2024-11-19 21:05:00,86.37,1
2024-11-19 21:06:00,86.18,1
2024-11-19 21:07:00,85.89,1
2024-11-19 21:08:00,85.77,1
2024-11-19 21:09:00,85.83,1
2024-11-19 21:10:00,85.85,1
2024-11-19 21:11:00,85.8,1
2024-11-19 21:12:00,85.75,1
2024-11-19 21:13:00,85.6,1
2024-11-19 21:14:00,85.85,1
2024-11-19 21:15:00,85.8,1
2024-11-19 21:16:00,85.82,1
2024-11-19 21:17:00,85.84,1
2024-11-19 21:18:00,85.52,1
2024-11-19 21:19:00,85.4,1
2024-11-19 21:20:00,85.48,1
2024-11-19 21:21:00,85.39,1
2024-11-19 21:22:00,85.1,1
2024-11-19 21:23:00,85.29,1
2024-11-19 21:24:00,85.18,1
2024-11-19 21:25:00,85.28,1
2024-11-19 21:26:00,85.42,1
2024-11-19 21:27:00,85.62,1
2024-11-19 21:28:00,85.78,1
2024-11-19 21:29:00,85.82,1
2024-11-19 21:30:00,85.88,1
2024-11-19 21:31:00,86.04,1
2024-11-19 21:32:00,86.04,1
2024-11-19 21:33:00,86.14,1
2024-11-19 21:34:00,86.04,1
2024-11-19 21:35:00,85.85,1
2024-11-19 21:36:00,85.87,1
2024-11-19 21:37:00,85.83,1
2024-11-19 21:38:00,85.78,1
2024-11-19 21:39:00,85.47,1
2024-11-19 21:40:00,85.49,1
2024-11-19 21:41:00,85.54,1
2024-11-19 21:42:00,85.53,1
2024-11-19 21:43:00,85.68,1
2024-11-19 21:44:00,85.68,1
2024-11-19 21:45:00,85.85,1
2024-11-19 21:46:00,85.87,1
2024-11-19 21:47:00,85.83,1
2024-11-19 21:48:00,85.87,1
2024-11-19 21:49:00,86.02,1
2024-11-19 21:50:00,86.05,1
2024-11-19 21:51:00,86.01,1
2024-11-19 21:52:00,86.2,1
2024-11-19 21:53:00,86.15,1
2024-11-19 21:54:00,86.24,1
2024-11-19 21:55:00,86.21,1
2024-11-19 21:56:00,86.3,1
2024-11-19 21:57:00,86.34,1
2024-11-19 21:58:00,86.3,1
2024-11-19 21:59:00,86.32,1
2024-11-19 22:00:00,86.17,1
2024-11-19 22:01:00,86.33,1
2024-11-19 22:02:00,86.43,1
2024-11-19 22:03:00,86.3,1
2024-11-19 22:04:00,86.36,1
2024-11-19 22:05:00,86.32,1
2024-11-19 22:06:00,86.43,1
2024-11-19 22:07:00,86.3,1
2024-11-19 22:08:00,86.21,1
2024-11-19 22:09:00,86.24,1
2024-11-19 22:10:00,86.23,1
2024-11-19 22:11:00,86.1,1
2024-11-19 22:12:00,86.0,1
2024-11-19 22:13:00,86.1,1
2024-11-19 22:14:00,86.1,1
2024-11-19 22:15:00,86.2,1
2024-11-19 22:16:00,86.1,1
2024-11-19 22:17:00,86.25,1
2024-11-19 22:18:00,86.21,1
2024-11-19 22:19:00,86.19,1
2024-11-19 22:20:00,86.18,1
2024-11-19 22:21:00,86.1,1
2024-11-19 22:22:00,85.94,1
2024-11-19 22:23:00,85.72,1
2024-11-19 22:24:00,85.69,1
2024-11-19 22:25:00,85.68,1
2024-11-19 22:26:00,85.69,1
2024-11-19 22:27:00,85.49,1
2024-11-19 22:28:00,85.57,1
2024-11-19 22:29:00,85.45,1
2024-11-19 22:30:00,85.35,1
2024-11-19 22:31:00,85.13,1
2024-11-19 22:32:00,85.19,1
2024-11-19 22:33:00,85.11,1
2024-11-19 22:34:00,85.26,1
2024-11-19 22:35:00,85.51,1
2024-11-19 22:36:00,85.46,1
2024-11-19 22:37:00,85.42,1
2024-11-19 22:38:00,85.48,1
2024-11-19 22:39:00,85.35,1
2024-11-19 22:40:00,85.49,1
2024-11-19 22:41:00,85.45,1
2024-11-19 22:42:00,85.59,1
2024-11-19 22:43:00,85.63,1
2024-11-19 22:44:00,85.62,1
2024-11-19 22:45:00,85.6,1
2024-11-19 22:46:00,85.6,1
2024-11-19 22:47:00,85.74,1
2024-11-19 22:48:00,85.75,1
2024-11-19 22:49:00,85.79,1
2024-11-19 22:50:00,85.82,1
2024-11-19 22:51:00,85.9,1
2024-11-19 22:52:00,85.85,1
2024-11-19 22:53:00,85.87,1
2024-11-19 22:54:00,85.63,1
2024-11-19 22:55:00,85.83,1
2024-11-19 22:56:00,85.76,1
2024-11-19 22:57:00,85.86,1
2024-11-19 22:58:00,85.95,1
2024-11-19 22:59:00,85.93,1
2024-11-19 23:00:00,86.02,1
2024-11-19 23:01:00,85.8,1
2024-11-19 23:02:00,85.9,1
2024-11-19 23:03:00,85.82,1
2024-11-19 23:04:00,86.09,1
2024-11-19 23:05:00,86.06,1
2024-11-19 23:06:00,86.06,1
2024-11-19 23:07:00,86.08,1
2024-11-19 23:08:00,86.1,1
2024-11-19 23:09:00,86.11,1
2024-11-19 23:10:00,86.34,1
2024-11-19 23:11:00,86.28,1
2024-11-19 23:12:00,86.37,1
2024-11-19 23:13:00,86.43,1
2024-11-19 23:14:00,86.35,1
2024-11-19 23:15:00,86.34,1
2024-11-19 23:16:00,86.48,1
2024-11-19 23:17:00,86.49,1
2024-11-19 23:18:00,86.57,1
2024-11-19 23:19:00,86.52,1
2024-11-19 23:20:00,86.57,1
2024-11-19 23:21:00,86.59,1
2024-11-19 23:22:00,86.67,1
2024-11-19 23:23:00,86.66,1
2024-11-19 23:24:00,86.58,1
2024-11-19 23:25:00,86.55,1
2024-11-19 23:26:00,86.41,1
2024-11-19 23:27:00,86.43,1
2024-11-19 23:28:00,86.5,1
2024-11-19 23:29:00,86.61,1
2024-11-19 23:30:00,86.62,1
2024-11-19 23:31:00,86.64,1
2024-11-19 23:32:00,86.6,1
2024-11-19 23:33:00,86.63,1
2024-11-19 23:34:00,86.61,1
2024-11-19 23:35:00,86.59,1
2024-11-19 23:36:00,86.66,1
2024-11-19 23:37:00,86.71,1
2024-11-19 23:38:00,86.76,1
2024-11-19 23:39:00,86.69,1
2024-11-19 23:40:00,86.71,1
2024-11-19 23:41:00,86.75,1
2024-11-19 23:42:00,86.92,1
2024-11-19 23:43:00,86.89,1
2024-11-19 23:44:00,86.87,1
2024-11-19 23:45:00,86.73,1
2024-11-19 23:46:00,86.73,1
2024-11-19 23:47:00,86.72,1
2024-11-19 23:48:00,86.78,1
2024-11-19 23:49:00,86.74,1
2024-11-19 23:50:00,86.74,1
2024-11-19 23:51:00,86.74,1
2024-11-19 23:52:00,86.84,1
2024-11-19 23:53:00,86.78,1
2024-11-19 23:54:00,86.72,1
2024-11-19 23:55:00,86.73,1
2024-11-19 23:56:00,86.7,1
2024-11-19 23:57:00,86.7,1
2024-11-19 23:58:00,86.66,1
2024-11-19 23:59:00,86.64,1
2024-11-20 00:00:00,86.67,1
2024-11-20 00:01:00,86.63,1
2024-11-20 00:02:00,86.56,1
2024-11-20 00:03:00,86.58,1
2024-11-20 00:04:00,86.44,1
2024-11-20 00:05:00,86.54,1
2024-11-20 00:06:00,86.61,1
2024-11-20 00:07:00,86.6,1
2024-11-20 00:08:00,86.63,1
2024-11-20 00:09:00,86.62,1
2024-11-20 00:10:00,86.69,1
2024-11-20 00:11:00,86.66,1
2024-11-20 00:12:00,86.47,1
2024-11-20 00:13:00,86.48,1
2024-11-20 00:14:00,86.34,1
2024-11-20 00:15:00,86.24,1
2024-11-20 00:16:00,86.24,1
2024-11-20 00:17:00,86.32,1
2024-11-20 00:18:00,86.23,1
2024-11-20 00:19:00,86.29,1
2024-11-20 00:20:00,86.24,1
2024-11-20 00:21:00,86.28,1
2024-11-20 00:22:00,86.12,1
2024-11-20 00:23:00,86.1,1
2024-11-20 00:24:00,86.19,1
2024-11-20 00:25:00,86.0,1
2024-11-20 00:26:00,85.94,1
2024-11-20 00:27:00,85.97,1
2024-11-20 00:28:00,85.87,1
2024-11-20 00:29:00,85.8,1
2024-11-20 00:30:00,85.73,1
2024-11-20 00:31:00,85.65,1
2024-11-20 00:32:00,85.93,1
2024-11-20 00:33:00,85.91,1
2024-11-20 00:34:00,85.97,1
2024-11-20 00:35:00,85.91,1
2024-11-20 00:36:00,85.86,1
2024-11-20 00:37:00,86.01,1
2024-11-20 00:38:00,86.14,1
2024-11-20 00:39:00,86.06,1
2024-11-20 00:40:00,86.15,1
2024-11-20 00:41:00,86.24,1
2024-11-20 00:42:00,86.36,1
2024-11-20 00:43:00,86.22,1
2024-11-20 00:44:00,86.25,1
2024-11-20 00:45:00,86.24,1
2024-11-20 00:46:00,86.16,1
2024-11-20 00:47:00,86.2,1
2024-11-20 00:48:00,86.15,1
2024-11-20 00:49:00,86.2,1
2024-11-20 00:50:00,86.19,1
2024-11-20 00:51:00,86.26,1
2024-11-20 00:52:00,86.24,1
2024-11-20 00:53:00,86.33,1
2024-11-20 00:54:00,86.42,1
2024-11-20 00:55:00,86.36,1
2024-11-20 00:56:00,86.38,1
2024-11-20 00:57:00,86.4,1
2024-11-20 00:58:00,86.35,1
2024-11-20 00:59:00,86.34,1
2024-11-20 01:00:00,86.21,1
2024-11-20 01:01:00,86.41,1
2024-11-20 01:02:00,86.37,1
2024-11-20 01:03:00,86.33,1
2024-11-20 01:04:00,86.4,1
2024-11-20 01:05:00,86.51,1
2024-11-20 01:06:00,86.43,1
2024-11-20 01:07:00,86.5,1
2024-11-20 01:08:00,86.42,1
2024-11-20 01:09:00,86.45,1
2024-11-20 01:10:00,86.43,1
2024-11-20 01:11:00,86.49,1
2024-11-20 01:12:00,86.36,1
2024-11-20 01:13:00,86.45,1
2024-11-20 01:14:00,86.41,1
2024-11-20 01:15:00,86.43,1
2024-11-20 01:16:00,86.2,1
2024-11-20 01:17:00,86.3,1
2024-11-20 01:18:00,86.29,1
2024-11-20 01:19:00,86.04,1
2024-11-20 01:20:00,85.99,1
2024-11-20 01:21:00,86.04,1
2024-11-20 01:22:00,85.94,1
2024-11-20 01:23:00,85.7,1
2024-11-20 01:24:00,85.43,1
2024-11-20 01:25:00,85.26,1
2024-11-20 01:26:00,85.33,1
2024-11-20 01:27:00,85.55,1
2024-11-20 01:28:00,85.57,1
2024-11-20 01:29:00,85.39,1
2024-11-20 01:30:00,85.32,1
2024-11-20 01:31:00,85.17,1
2024-11-20 01:32:00,85.29,1
2024-11-20 01:33:00,85.6,1
2024-11-20 01:34:00,85.74,1
2024-11-20 01:35:00,85.75,1
2024-11-20 01:36:00,85.67,1
2024-11-20 01:37:00,85.78,1
2024-11-20 01:38:00,85.78,1
2024-11-20 01:39:00,85.8,1
2024-11-20 01:40:00,85.86,1
2024-11-20 01:41:00,85.75,1
2024-11-20 01:42:00,85.74,1
2024-11-20 01:43:00,85.7,1
2024-11-20 01:44:00,85.64,1
2024-11-20 01:45:00,85.39,1
2024-11-20 01:46:00,85.42,1
2024-11-20 01:47:00,85.39,1
2024-11-20 01:48:00,85.21,1
2024-11-20 01:49:00,85.11,1
2024-11-20 01:50:00,85.27,1
2024-11-20 01:51:00,85.42,1
2024-11-20 01:52:00,85.45,1
2024-11-20 01:53:00,85.51,1
2024-11-20 01:54:00,85.38,1
2024-11-20 01:55:00,85.35,1
2024-11-20 01:56:00,85.43,1
2024-11-20 01:57:00,85.48,1
2024-11-20 01:58:00,85.48,1
2024-11-20 01:59:00,85.45,1
2024-11-20 02:00:00,85.56,1
2024-11-20 02:01:00,85.54,1
2024-11-20 02:02:00,85.46,1
2024-11-20 02:03:00,85.59,1
2024-11-20 02:04:00,85.44,1
2024-11-20 02:05:00,85.58,1
2024-11-20 02:06:00,85.57,1
2024-11-20 02:07:00,85.46,1
2024-11-20 02:08:00,85.49,1
2024-11-20 02:09:00,85.31,1
2024-11-20 02:10:00,85.43,1
2024-11-20 02:11:00,85.37,1
2024-11-20 02:12:00,85.37,1
2024-11-20 02:13:00,85.09,1
2024-11-20 02:14:00,85.16,1
2024-11-20 02:15:00,85.22,1
2024-11-20 02:16:00,85.18,1
2024-11-20 02:17:00,85.22,1
2024-11-20 02:18:00,85.32,1
2024-11-20 02:19:00,85.29,1
2024-11-20 02:20:00,85.47,1
2024-11-20 02:21:00,85.33,1
2024-11-20 02:22:00,85.49,1
2024-11-20 02:23:00,85.45,1
2024-11-20 02:24:00,85.58,1
2024-11-20 02:25:00,85.68,1
2024-11-20 02:26:00,85.79,1
2024-11-20 02:27:00,85.91,1
2024-11-20 02:28:00,85.79,1
2024-11-20 02:29:00,85.91,1
2024-11-20 02:30:00,85.78,1
2024-11-20 02:31:00,85.56,1
2024-11-20 02:32:00,85.52,1
2024-11-20 02:33:00,85.52,1
2024-11-20 02:34:00,85.59,1
2024-11-20 02:35:00,85.47,1
2024-11-20 02:36:00,85.55,1
2024-11-20 02:37:00,85.51,1
2024-11-20 02:38:00,85.23,1
2024-11-20 02:39:00,85.2,1
2024-11-20 02:40:00,85.31,1
2024-11-20 02:41:00,85.32,1
2024-11-20 02:42:00,85.41,1
2024-11-20 02:43:00,85.54,1
2024-11-20 02:44:00,85.31,1
2024-11-20 02:45:00,85.46,1
2024-11-20 02:46:00,85.49,1
2024-11-20 02:47:00,85.61,1
2024-11-20 02:48:00,85.6,1
2024-11-20 02:49:00,85.41,1
2024-11-20 02:50:00,85.67,1
2024-11-20 02:51:00,85.6,1
2024-11-20 02:52:00,85.61,1
2024-11-20 02:53:00,85.62,1
2024-11-20 02:54:00,85.66,1
2024-11-20 02:55:00,85.63,1
2024-11-20 02:56:00,85.77,1
2024-11-20 02:57:00,85.67,1
2024-11-20 02:58:00,85.61,1
2024-11-20 02:59:00,85.5,1
2024-11-20 03:00:00,85.62,1
2024-11-20 03:01:00,85.41,1
2024-11-20 03:02:00,85.14,1
2024-11-20 03:03:00,85.19,1
2024-11-20 03:04:00,85.15,1
2024-11-20 03:05:00,85.05,1
2024-11-20 03:06:00,84.74,1
2024-11-20 03:07:00,84.9,1
2024-11-20 03:08:00,84.74,1
2024-11-20 03:09:00,84.81,1
2024-11-20 03:10:00,85.07,1
2024-11-20 03:11:00,84.86,1
2024-11-20 03:12:00,85.08,1
2024-11-20 03:13:00,85.12,1
2024-11-20 03:14:00,85.38,1
2024-11-20 03:15:00,85.15,1
2024-11-20 03:16:00,85.02,1
2024-11-20 03:17:00,85.01,1
2024-11-20 03:18:00,84.93,1
2024-11-20 03:19:00,84.81,1
2024-11-20 03:20:00,84.48,1
2024-11-20 03:21:00,84.41,1
2024-11-20 03:22:00,84.33,1
2024-11-20 03:23:00,84.45,1
2024-11-20 03:24:00,84.42,1
2024-11-20 03:25:00,84.55,1
2024-11-20 03:26:00,84.58,1
2024-11-20 03:27:00,84.69,1
2024-11-20 03:28:00,84.73,1
2024-11-20 03:29:00,84.68,1
2024-11-20 03:30:00,84.69,1
2024-11-20 03:31:00,84.54,1
2024-11-20 03:32:00,84.51,1
2024-11-20 03:33:00,84.44,1
2024-11-20 03:34:00,84.31,1
2024-11-20 03:35:00,83.71,1
2024-11-20 03:36:00,83.58,1
2024-11-20 03:37:00,83.52,1
2024-11-20 03:38:00,83.89,1
2024-11-20 03:39:00,83.99,1
2024-11-20 03:40:00,84.02,1
2024-11-20 03:41:00,83.99,1
2024-11-20 03:42:00,84.3,1
2024-11-20 03:43:00,84.42,1
2024-11-20 03:44:00,84.59,1
2024-11-20 03:45:00,84.57,1
2024-11-20 03:46:00,84.75,1
2024-11-20 03:47:00,84.7,1
2024-11-20 03:48:00,84.78,1
2024-11-20 03:49:00,84.78,1
2024-11-20 03:50:00,84.93,1
2024-11-20 03:51:00,84.96,1
2024-11-20 03:52:00,85.03,1
2024-11-20 03:53:00,85.0,1
2024-11-20 03:54:00,84.93,1
2024-11-20 03:55:00,84.91,1
2024-11-20 03:56:00,84.92,1
2024-11-20 03:57:00,84.95,1
2024-11-20 03:58:00,85.01,1
2024-11-20 03:59:00,85.02,1
2024-11-20 04:00:00,85.0,1
2024-11-20 04:01:00,84.93,1
2024-11-20 04:02:00,84.7,1
2024-11-20 04:03:00,84.69,1
2024-11-20 04:04:00,84.71,1
2024-11-20 04:05:00,84.74,1
2024-11-20 04:06:00,84.48,1
2024-11-20 04:07:00,84.36,1
2024-11-20 04:08:00,84.3,1
2024-11-20 04:09:00,84.5,1
2024-11-20 04:10:00,84.48,1
2024-11-20 04:11:00,84.31,1
2024-11-20 04:12:00,84.27,1
2024-11-20 04:13:00,84.16,1
2024-11-20 04:14:00,84.42,1
2024-11-20 04:15:00,84.37,1
2024-11-20 04:16:00,84.23,1
2024-11-20 04:17:00,84.22,1
2024-11-20 04:18:00,84.42,1
2024-11-20 04:19:00,84.43,1
2024-11-20 04:20:00,84.62,1
2024-11-20 04:21:00,84.69,1
2024-11-20 04:22:00,84.84,1
2024-11-20 04:23:00,84.85,1
2024-11-20 04:24:00,84.77,1
2024-11-20 04:25:00,84.78,1
2024-11-20 04:26:00,84.8,1
2024-11-20 04:27:00,84.86,1
2024-11-20 04:28:00,84.92,1
2024-11-20 04:29:00,84.96,1
2024-11-20 04:30:00,84.99,1
2024-11-20 04:31:00,85.04,1
2024-11-20 04:32:00,84.91,1
2024-11-20 04:33:00,84.99,1
2024-11-20 04:34:00,84.99,1
2024-11-20 04:35:00,85.03,1
2024-11-20 04:36:00,84.97,1
2024-11-20 04:37:00,85.01,1
2024-11-20 04:38:00,84.9,1
2024-11-20 04:39:00,84.88,1
2024-11-20 04:40:00,85.01,1
2024-11-20 04:41:00,85.11,1
2024-11-20 04:42:00,85.17,1
2024-11-20 04:43:00,85.03,1
2024-11-20 04:44:00,85.15,1
2024-11-20 04:45:00,85.16,1
2024-11-20 04:46:00,85.11,1
2024-11-20 04:47:00,85.16,1
2024-11-20 04:48:00,85.18,1
2024-11-20 04:49:00,85.18,1
2024-11-20 04:50:00,85.16,1
2024-11-20 04:51:00,85.05,1
2024-11-20 04:52:00,85.07,1
2024-11-20 04:53:00,85.07,1
2024-11-20 04:54:00,84.96,1
2024-11-20 04:55:00,85.0,1
2024-11-20 04:56:00,85.04,1
2024-11-20 04:57:00,84.9,1
2024-11-20 04:58:00,85.0,1
2024-11-20 04:59:00,84.76,1
2024-11-20 05:00:00,84.84,1
2024-11-20 05:01:00,84.93,1
2024-11-20 05:02:00,84.94,1
2024-11-20 05:03:00,84.76,1
2024-11-20 05:04:00,84.54,1
2024-11-20 05:05:00,84.7,1
2024-11-20 05:06:00,84.66,1
2024-11-20 05:07:00,84.6,1
2024-11-20 05:08:00,84.59,1
2024-11-20 05:09:00,84.6,1
2024-11-20 05:10:00,84.6,1
2024-11-20 05:11:00,84.61,1
2024-11-20 05:12:00,84.68,1
2024-11-20 05:13:00,84.77,1
2024-11-20 05:14:00,84.75,1
2024-11-20 05:15:00,84.7,1
2024-11-20 05:16:00,84.54,1
2024-11-20 05:17:00,84.63,1
2024-11-20 05:18:00,84.8,1
2024-11-20 05:19:00,84.81,1
2024-11-20 05:20:00,84.8,1
2024-11-20 05:21:00,84.95,1
2024-11-20 05:22:00,84.99,1
2024-11-20 05:23:00,85.23,1
2024-11-20 05:24:00,85.15,1
2024-11-20 05:25:00,85.23,1
2024-11-20 05:26:00,85.36,1
2024-11-20 05:27:00,85.38,1
2024-11-20 05:28:00,85.4,1
2024-11-20 05:29:00,85.39,1
2024-11-20 05:30:00,85.34,1
2024-11-20 05:31:00,85.34,1
2024-11-20 05:32:00,85.26,1
2024-11-20 05:33:00,85.25,1
2024-11-20 05:34:00,85.2,1
2024-11-20 05:35:00,85.15,1
2024-11-20 05:36:00,85.09,1
2024-11-20 05:37:00,85.12,1
2024-11-20 05:38:00,85.06,1
2024-11-20 05:39:00,84.88,1
2024-11-20 05:40:00,84.87,1
2024-11-20 05:41:00,84.81,1
2024-11-20 05:42:00,84.91,1
2024-11-20 05:43:00,84.85,1
2024-11-20 05:44:00,84.9,1
2024-11-20 05:45:00,84.95,1
2024-11-20 05:46:00,84.89,1
2024-11-20 05:47:00,84.9,1
2024-11-20 05:48:00,85.09,1
2024-11-20 05:49:00,85.1,1
2024-11-20 05:50:00,85.19,1
2024-11-20 05:51:00,85.25,1
2024-11-20 05:52:00,85.21,1
2024-11-20 05:53:00,85.31,1
2024-11-20 05:54:00,85.28,1
2024-11-20 05:55:00,85.22,1
2024-11-20 05:56:00,85.23,1
2024-11-20 05:57:00,85.28,1
2024-11-20 05:58:00,85.3,1
2024-11-20 05:59:00,85.37,1
2024-11-20 06:00:00,85.37,1
2024-11-20 06:01:00,85.36,1
2024-11-20 06:02:00,85.38,1
2024-11-20 06:03:00,85.31,1
2024-11-20 06:04:00,85.59,1
2024-11-20 06:05:00,85.54,1
2024-11-20 06:06:00,85.67,1
2024-11-20 06:07:00,85.66,1
2024-11-20 06:08:00,85.72,1
2024-11-20 06:09:00,85.66,1
2024-11-20 06:10:00,85.56,1
2024-11-20 06:11:00,85.7,1
2024-11-20 06:12:00,85.75,1
2024-11-20 06:13:00,85.74,1
2024-11-20 06:14:00,85.69,1
2024-11-20 06:15:00,85.49,1
2024-11-20 06:16:00,85.55,1
2024-11-20 06:17:00,85.57,1
2024-11-20 06:18:00,85.5,1
2024-11-20 06:19:00,85.7,1
2024-11-20 06:20:00,85.66,1
2024-11-20 06:21:00,85.57,1
2024-11-20 06:22:00,85.78,1
2024-11-20 06:23:00,85.79,1
2024-11-20 06:24:00,85.73,1
2024-11-20 06:25:00,85.73,1
2024-11-20 06:26:00,85.77,1
2024-11-20 06:27:00,85.65,1
2024-11-20 06:28:00,85.62,1
2024-11-20 06:29:00,85.52,1
2024-11-20 06:30:00,85.6,1
2024-11-20 06:31:00,85.62,1
2024-11-20 06:32:00,85.49,1
2024-11-20 06:33:00,85.5,1
2024-11-20 06:34:00,85.47,1
2024-11-20 06:35:00,85.45,1
2024-11-20 06:36:00,85.37,1
2024-11-20 06:37:00,85.38,1
2024-11-20 06:38:00,85.53,1
2024-11-20 06:39:00,85.4,1
2024-11-20 06:40:00,85.34,1
2024-11-20 06:41:00,85.34,1
2024-11-20 06:42:00,85.27,1
2024-11-20 06:43:00,85.21,1
2024-11-20 06:44:00,85.14,1
2024-11-20 06:45:00,85.13,1
2024-11-20 06:46:00,85.16,1
2024-11-20 06:47:00,85.25,1
2024-11-20 06:48:00,85.23,1
2024-11-20 06:49:00,85.2,1
2024-11-20 06:50:00,85.3,1
2024-11-20 06:51:00,85.32,1
2024-11-20 06:52:00,85.32,1
2024-11-20 06:53:00,85.29,1
2024-11-20 06:54:00,85.31,1
2024-11-20 06:55:00,85.37,1
2024-11-20 06:56:00,85.36,1
2024-11-20 06:57:00,85.31,1
2024-11-20 06:58:00,85.27,1
2024-11-20 06:59:00,85.18,1
2024-11-20 07:00:00,85.2,1
2024-11-20 07:01:00,85.26,1
2024-11-20 07:02:00,85.23,1
2024-11-20 07:03:00,85.21,1
2024-11-20 07:04:00,85.01,1
2024-11-20 07:05:00,84.92,1
2024-11-20 07:06:00,84.99,1
2024-11-20 07:07:00,84.96,1
2024-11-20 07:08:00,85.08,1
2024-11-20 07:09:00,85.05,1
2024-11-20 07:10:00,85.04,1
2024-11-20 07:11:00,85.12,1
2024-11-20 07:12:00,85.1,1
2024-11-20 07:13:00,85.11,1
2024-11-20 07:14:00,85.18,1
2024-11-20 07:15:00,85.26,1
2024-11-20 07:16:00,85.12,1
2024-11-20 07:17:00,85.21,1
2024-11-20 07:18:00,85.19,1
2024-11-20 07:19:00,85.28,1
2024-11-20 07:20:00,85.45,1
2024-11-20 07:21:00,85.44,1
2024-11-20 07:22:00,85.3,1
2024-11-20 07:23:00,85.24,1
2024-11-20 07:24:00,85.22,1
2024-11-20 07:25:00,85.29,1
2024-11-20 07:26:00,85.15,1
2024-11-20 07:27:00,85.15,1
2024-11-20 07:28:00,85.13,1
2024-11-20 07:29:00,85.24,1
2024-11-20 07:30:00,85.23,1
2024-11-20 07:31:00,85.32,1
2024-11-20 07:32:00,85.33,1
2024-11-20 07:33:00,85.38,1
2024-11-20 07:34:00,85.4,1
2024-11-20 07:35:00,85.3,1
2024-11-20 07:36:00,85.48,1
2024-11-20 07:37:00,85.45,1
2024-11-20 07:38:00,85.45,1
2024-11-20 07:39:00,85.42,1
2024-11-20 07:40:00,85.38,1
2024-11-20 07:41:00,85.36,1
2024-11-20 07:42:00,85.25,1
2024-11-20 07:43:00,85.37,1
2024-11-20 07:44:00,85.34,1
2024-11-20 07:45:00,85.31,1
2024-11-20 07:46:00,85.29,1
2024-11-20 07:47:00,85.35,1
2024-11-20 07:48:00,85.28,1
2024-11-20 07:49:00,85.39,1
2024-11-20 07:50:00,85.32,1
2024-11-20 07:51:00,85.42,1
2024-11-20 07:52:00,85.45,1
2024-11-20 07:53:00,85.48,1
2024-11-20 07:54:00,85.57,1
2024-11-20 07:55:00,85.49,1
2024-11-20 07:56:00,85.54,1
2024-11-20 07:57:00,85.57,1
2024-11-20 07:58:00,85.56,1
2024-11-20 07:59:00,85.44,1
2024-11-20 08:00:00,85.49,1
2024-11-20 08:01:00,85.6,1
2024-11-20 08:02:00,85.49,1
2024-11-20 08:03:00,85.53,1
2024-11-20 08:04:00,85.31,1
2024-11-20 08:05:00,85.44,1
2024-11-20 08:06:00,85.54,1
2024-11-20 08:07:00,85.56,1
2024-11-20 08:08:00,85.56,1
2024-11-20 08:09:00,85.67,1
2024-11-20 08:10:00,85.72,1
2024-11-20 08:11:00,85.76,1
2024-11-20 08:12:00,85.67,1
2024-11-20 08:13:00,85.64,1
2024-11-20 08:14:00,85.68,1
2024-11-20 08:15:00,85.72,1
2024-11-20 08:16:00,85.84,1
2024-11-20 08:17:00,85.8,1
2024-11-20 08:18:00,85.76,1
2024-11-20 08:19:00,85.8,1
2024-11-20 08:20:00,85.75,1
2024-11-20 08:21:00,85.8,1
2024-11-20 08:22:00,85.79,1
2024-11-20 08:23:00,85.68,1
2024-11-20 08:24:00,85.72,1
2024-11-20 08:25:00,85.58,1
2024-11-20 08:26:00,85.62,1
2024-11-20 08:27:00,85.66,1
2024-11-20 08:28:00,85.64,1
2024-11-20 08:29:00,85.78,1
2024-11-20 08:30:00,85.75,1
2024-11-20 08:31:00,85.7,1
2024-11-20 08:32:00,85.71,1
2024-11-20 08:33:00,85.74,1
2024-11-20 08:34:00,85.66,1
2024-11-20 08:35:00,85.68,1
2024-11-20 08:36:00,85.81,1
2024-11-20 08:37:00,85.84,1
2024-11-20 08:38:00,85.89,1
2024-11-20 08:39:00,85.89,1
2024-11-20 08:40:00,85.91,1
2024-11-20 08:41:00,86.01,1
2024-11-20 08:42:00,86.07,1
2024-11-20 08:43:00,86.01,1
2024-11-20 08:44:00,86.06,1
2024-11-20 08:45:00,86.1,1
2024-11-20 08:46:00,86.05,1
2024-11-20 08:47:00,86.04,1
2024-11-20 08:48:00,86.01,1
2024-11-20 08:49:00,86.07,1
2024-11-20 08:50:00,86.2,1
2024-11-20 08:51:00,86.26,1
2024-11-20 08:52:00,86.22,1
2024-11-20 08:53:00,86.22,1
2024-11-20 08:54:00,86.24,1
2024-11-20 08:55:00,86.22,1
2024-11-20 08:56:00,86.15,1
2024-11-20 08:57:00,86.08,1
2024-11-20 08:58:00,86.06,1
2024-11-20 08:59:00,86.01,1
2024-11-20 09:00:00,85.99,1
2024-11-20 09:01:00,86.01,1
2024-11-20 09:02:00,86.12,1
2024-11-20 09:03:00,86.3,1
2024-11-20 09:04:00,86.09,1
2024-11-20 09:05:00,85.97,1
2024-11-20 09:06:00,86.04,1
2024-11-20 09:07:00,85.98,1
2024-11-20 09:08:00,85.87,1
2024-11-20 09:09:00,85.91,1
2024-11-20 09:10:00,85.9,1
2024-11-20 09:11:00,86.17,1
2024-11-20 09:12:00,86.23,1
2024-11-20 09:13:00,86.29,1
2024-11-20 09:14:00,86.32,1
2024-11-20 09:15:00,86.33,1
2024-11-20 09:16:00,86.39,1
2024-11-20 09:17:00,86.43,1
2024-11-20 09:18:00,86.64,1
2024-11-20 09:19:00,86.65,1
2024-11-20 09:20:00,86.75,1
2024-11-20 09:21:00,86.86,1
2024-11-20 09:22:00,86.86,1
2024-11-20 09:23:00,86.84,1
2024-11-20 09:24:00,86.7,1
2024-11-20 09:25:00,86.45,1
2024-11-20 09:26:00,86.43,1
2024-11-20 09:27:00,86.5,1
2024-11-20 09:28:00,86.6,1
2024-11-20 09:29:00,86.47,1
2024-11-20 09:30:00,86.4,1
2024-11-20 09:31:00,86.46,1
2024-11-20 09:32:00,86.38,1
2024-11-20 09:33:00,86.38,1
2024-11-20 09:34:00,86.3,1
2024-11-20 09:35:00,86.21,1
2024-11-20 09:36:00,86.3,1
2024-11-20 09:37:00,86.37,1
2024-11-20 09:38:00,86.4,1
2024-11-20 09:39:00,86.42,1
2024-11-20 09:40:00,86.4,1
2024-11-20 09:41:00,86.43,1
2024-11-20 09:42:00,86.37,1
2024-11-20 09:43:00,86.27,1
2024-11-20 09:44:00,86.39,1
2024-11-20 09:45:00,86.43,1
2024-11-20 09:46:00,86.43,1
2024-11-20 09:47:00,86.4,1
2024-11-20 09:48:00,86.44,1
2024-11-20 09:49:00,86.43,1
2024-11-20 09:50:00,86.37,1
2024-11-20 09:51:00,86.36,1
2024-11-20 09:52:00,86.34,1
2024-11-20 09:53:00,86.25,1
2024-11-20 09:54:00,86.17,1
2024-11-20 09:55:00,85.99,1
2024-11-20 09:56:00,86.04,1
2024-11-20 09:57:00,86.03,1
2024-11-20 09:58:00,86.11,1
2024-11-20 09:59:00,86.07,1
2024-11-20 10:00:00,86.08,1
2024-11-20 10:01:00,86.02,1
2024-11-20 10:02:00,86.07,1
2024-11-20 10:03:00,85.9,1
2024-11-20 10:04:00,86.01,1
2024-11-20 10:05:00,86.06,1
2024-11-20 10:06:00,86.14,1
2024-11-20 10:07:00,86.17,1
2024-11-20 10:08:00,86.04,1
2024-11-20 10:09:00,86.1,1
2024-11-20 10:10:00,86.09,1
2024-11-20 10:11:00,86.02,1
2024-11-20 10:12:00,86.08,1
2024-11-20 10:13:00,86.05,1
2024-11-20 10:14:00,86.02,1
2024-11-20 10:15:00,85.94,1
2024-11-20 10:16:00,85.99,1
2024-11-20 10:17:00,86.04,1
2024-11-20 10:18:00,86.04,1
2024-11-20 10:19:00,86.03,1
2024-11-20 10:20:00,86.01,1
2024-11-20 10:21:00,85.98,1
2024-11-20 10:22:00,86.01,1
2024-11-20 10:23:00,85.99,1
2024-11-20 10:24:00,86.03,1
2024-11-20 10:25:00,86.02,1
2024-11-20 10:26:00,86.0,1
2024-11-20 10:27:00,86.01,1
2024-11-20 10:28:00,85.92,1
2024-11-20 10:29:00,85.84,1
2024-11-20 10:30:00,85.86,1
2024-11-20 10:31:00,85.79,1
2024-11-20 10:32:00,85.92,1
2024-11-20 10:33:00,85.98,1
2024-11-20 10:34:00,85.85,1
2024-11-20 10:35:00,85.84,1
2024-11-20 10:36:00,85.88,1
2024-11-20 10:37:00,85.92,1
2024-11-20 10:38:00,85.95,1
2024-11-20 10:39:00,85.88,1
2024-11-20 10:40:00,85.92,1
2024-11-20 10:41:00,85.94,1
2024-11-20 10:42:00,85.91,1
2024-11-20 10:43:00,85.82,1
2024-11-20 10:44:00,85.82,1
2024-11-20 10:45:00,85.93,1
2024-11-20 10:46:00,85.88,1
2024-11-20 10:47:00,85.89,1
2024-11-20 10:48:00,85.88,1
2024-11-20 10:49:00,85.75,1
2024-11-20 10:50:00,85.84,1
2024-11-20 10:51:00,85.73,1
2024-11-20 10:52:00,85.74,1
2024-11-20 10:53:00,85.74,1
2024-11-20 10:54:00,85.86,1
2024-11-20 10:55:00,85.79,1
2024-11-20 10:56:00,85.72,1
2024-11-20 10:57:00,85.59,1
2024-11-20 10:58:00,85.63,1
2024-11-20 10:59:00,85.58,1
2024-11-20 11:00:00,85.59,1
2024-11-20 11:01:00,85.57,1
2024-11-20 11:02:00,85.51,1
2024-11-20 11:03:00,85.34,1
2024-11-20 11:04:00,85.24,1
2024-11-20 11:05:00,85.29,1
2024-11-20 11:06:00,85.27,1
2024-11-20 11:07:00,85.2,1
2024-11-20 11:08:00,85.15,1
2024-11-20 11:09:00,85.3,1
2024-11-20 11:10:00,85.18,1
2024-11-20 11:11:00,85.26,1
2024-11-20 11:12:00,85.21,1
2024-11-20 11:13:00,85.25,1
2024-11-20 11:14:00,85.25,1
2024-11-20 11:15:00,85.17,1
2024-11-20 11:16:00,85.14,1
2024-11-20 11:17:00,85.43,1
2024-11-20 11:18:00,85.46,1
2024-11-20 11:19:00,85.71,1
2024-11-20 11:20:00,85.61,1
2024-11-20 11:21:00,85.71,1
2024-11-20 11:22:00,85.82,1
2024-11-20 11:23:00,85.92,1
2024-11-20 11:24:00,85.83,1
2024-11-20 11:25:00,85.87,1
2024-11-20 11:26:00,85.78,1
2024-11-20 11:27:00,85.81,1
2024-11-20 11:28:00,85.58,1
2024-11-20 11:29:00,85.7,1
2024-11-20 11:30:00,85.67,1
2024-11-20 11:31:00,85.7,1
2024-11-20 11:32:00,85.69,1
2024-11-20 11:33:00,85.78,1
2024-11-20 11:34:00,85.96,1
2024-11-20 11:35:00,85.78,1
2024-11-20 11:36:00,85.67,1
2024-11-20 11:37:00,85.71,1
2024-11-20 11:38:00,85.86,1
2024-11-20 11:39:00,85.84,1
2024-11-20 11:40:00,85.86,1
2024-11-20 11:41:00,85.84,1
2024-11-20 11:42:00,85.95,1
2024-11-20 11:43:00,85.98,1
2024-11-20 11:44:00,85.94,1
2024-11-20 11:45:00,85.93,1
2024-11-20 11:46:00,85.94,1
2024-11-20 11:47:00,85.9,1
2024-11-20 11:48:00,85.87,1
2024-11-20 11:49:00,86.18,1
2024-11-20 11:50:00,86.27,1
2024-11-20 11:51:00,86.32,1
2024-11-20 11:52:00,86.33,1
2024-11-20 11:53:00,86.36,1
2024-11-20 11:54:00,86.39,1
2024-11-20 11:55:00,86.33,1
2024-11-20 11:56:00,86.16,1
2024-11-20 11:57:00,86.14,1
2024-11-20 11:58:00,86.14,1
2024-11-20 11:59:00,86.2,1
2024-11-20 12:00:00,86.17,1
2024-11-20 12:01:00,86.18,1
2024-11-20 12:02:00,86.12,1
2024-11-20 12:03:00,86.04,1
2024-11-20 12:04:00,86.01,1
2024-11-20 12:05:00,85.89,1
2024-11-20 12:06:00,86.07,1
2024-11-20 12:07:00,85.98,1
2024-11-20 12:08:00,85.9,1
2024-11-20 12:09:00,85.98,1
2024-11-20 12:10:00,85.97,1
2024-11-20 12:11:00,86.24,1
2024-11-20 12:12:00,86.07,1
2024-11-20 12:13:00,86.19,1
2024-11-20 12:14:00,86.38,1
2024-11-20 12:15:00,86.25,1
2024-11-20 12:16:00,86.17,1
2024-11-20 12:17:00,86.35,1
2024-11-20 12:18:00,86.27,1
2024-11-20 12:19:00,86.4,1
2024-11-20 12:20:00,86.46,1
2024-11-20 12:21:00,86.34,1
2024-11-20 12:22:00,86.21,1
2024-11-20 12:23:00,86.2,1
2024-11-20 12:24:00,86.14,1
2024-11-20 12:25:00,86.21,1
2024-11-20 12:26:00,86.22,1
2024-11-20 12:27:00,86.1,1
2024-11-20 12:28:00,86.23,1
2024-11-20 12:29:00,86.26,1
2024-11-20 12:30:00,86.17,1
2024-11-20 12:31:00,86.22,1
2024-11-20 12:32:00,86.24,1
2024-11-20 12:33:00,86.05,1
2024-11-20 12:34:00,86.0,1
2024-11-20 12:35:00,85.87,1
2024-11-20 12:36:00,86.03,1
2024-11-20 12:37:00,85.96,1
2024-11-20 12:38:00,86.01,1
2024-11-20 12:39:00,85.95,1
2024-11-20 12:40:00,86.04,1
2024-11-20 12:41:00,85.98,1
2024-11-20 12:42:00,85.88,1
2024-11-20 12:43:00,85.84,1
2024-11-20 12:44:00,85.9,1
2024-11-20 12:45:00,85.83,1
2024-11-20 12:46:00,85.48,1
2024-11-20 12:47:00,85.57,1
2024-11-20 12:48:00,85.52,1
2024-11-20 12:49:00,85.46,1
2024-11-20 12:50:00,85.26,1
2024-11-20 12:51:00,85.24,1
2024-11-20 12:52:00,85.52,1
2024-11-20 12:53:00,85.64,1
2024-11-20 12:54:00,85.75,1
2024-11-20 12:55:00,85.77,1
2024-11-20 12:56:00,85.7,1
2024-11-20 12:57:00,85.73,1
2024-11-20 12:58:00,85.76,1
2024-11-20 12:59:00,85.64,1
2024-11-20 13:00:00,85.52,1
2024-11-20 13:01:00,85.57,1
2024-11-20 13:02:00,85.54,1
2024-11-20 13:03:00,85.52,1
2024-11-20 13:04:00,85.33,1
2024-11-20 13:05:00,85.22,1
2024-11-20 13:06:00,85.47,1
2024-11-20 13:07:00,85.51,1
2024-11-20 13:08:00,85.52,1
2024-11-20 13:09:00,85.48,1
2024-11-20 13:10:00,85.58,1
2024-11-20 13:11:00,85.76,1
2024-11-20 13:12:00,85.82,1
2024-11-20 13:13:00,85.69,1
2024-11-20 13:14:00,85.66,1
2024-11-20 13:15:00,85.75,1
2024-11-20 13:16:00,85.98,1
2024-11-20 13:17:00,86.02,1
2024-11-20 13:18:00,86.11,1
2024-11-20 13:19:00,86.17,1
2024-11-20 13:20:00,86.13,1
2024-11-20 13:21:00,86.39,1
2024-11-20 13:22:00,86.23,1
2024-11-20 13:23:00,86.31,1
2024-11-20 13:24:00,86.34,1
2024-11-20 13:25:00,86.41,1
2024-11-20 13:26:00,86.35,1
2024-11-20 13:27:00,86.27,1
2024-11-20 13:28:00,86.39,1
2024-11-20 13:29:00,86.4,1
2024-11-20 13:30:00,86.49,1
2024-11-20 13:31:00,86.53,1
2024-11-20 13:32:00,86.52,1
2024-11-20 13:33:00,86.43,1
2024-11-20 13:34:00,86.52,1
2024-11-20 13:35:00,86.6,1
2024-11-20 13:36:00,86.6,1
2024-11-20 13:37:00,86.5,1
2024-11-20 13:38:00,86.42,1
2024-11-20 13:39:00,86.49,1
2024-11-20 13:40:00,86.24,1
2024-11-20 13:41:00,86.13,1
2024-11-20 13:42:00,86.16,1
2024-11-20 13:43:00,86.21,1
2024-11-20 13:44:00,86.08,1
2024-11-20 13:45:00,86.15,1
2024-11-20 13:46:00,86.25,1
2024-11-20 13:47:00,86.15,1
2024-11-20 13:48:00,86.27,1
2024-11-20 13:49:00,86.39,1
2024-11-20 13:50:00,86.38,1
2024-11-20 13:51:00,86.32,1
2024-11-20 13:52:00,86.35,1
2024-11-20 13:53:00,86.39,1
2024-11-20 13:54:00,86.46,1
2024-11-20 13:55:00,86.46,1
2024-11-20 13:56:00,86.62,1
2024-11-20 13:57:00,86.57,1
2024-11-20 13:58:00,86.82,1
2024-11-20 13:59:00,86.84,1
2024-11-20 14:00:00,86.79,1
2024-11-20 14:01:00,87.06,1
2024-11-20 14:02:00,86.99,1
2024-11-20 14:03:00,87.09,1
2024-11-20 14:04:00,87.3,1
2024-11-20 14:05:00,87.36,1
2024-11-20 14:06:00,87.46,1
2024-11-20 14:07:00,87.62,1
2024-11-20 14:08:00,87.6,1
2024-11-20 14:09:00,87.71,1
2024-11-20 14:10:00,87.49,1
2024-11-20 14:11:00,87.64,1
2024-11-20 14:12:00,87.55,1
2024-11-20 14:13:00,87.5,1
2024-11-20 14:14:00,87.21,1
2024-11-20 14:15:00,87.29,1
2024-11-20 14:16:00,87.32,1
2024-11-20 14:17:00,87.29,1
2024-11-20 14:18:00,87.62,1
2024-11-20 14:19:00,87.54,1
2024-11-20 14:20:00,87.75,1
2024-11-20 14:21:00,87.58,1
2024-11-20 14:22:00,87.41,1
2024-11-20 14:23:00,87.44,1
2024-11-20 14:24:00,87.2,1
2024-11-20 14:25:00,87.31,1
2024-11-20 14:26:00,87.18,1
2024-11-20 14:27:00,87.26,1
2024-11-20 14:28:00,87.37,1
2024-11-20 14:29:00,87.41,1
2024-11-20 14:30:00,87.35,1
2024-11-20 14:31:00,87.34,1
2024-11-20 14:32:00,87.26,1
2024-11-20 14:33:00,87.1,1
2024-11-20 14:34:00,86.99,1
2024-11-20 14:35:00,87.06,1
2024-11-20 14:36:00,86.92,1
2024-11-20 14:37:00,86.76,1
2024-11-20 14:38:00,86.48,1
2024-11-20 14:39:00,86.52,1
2024-11-20 14:40:00,86.34,1
2024-11-20 14:41:00,86.11,1
2024-11-20 14:42:00,86.19,1
2024-11-20 14:43:00,86.33,1
2024-11-20 14:44:00,86.56,1
2024-11-20 14:45:00,86.45,1
2024-11-20 14:46:00,86.45,1
2024-11-20 14:47:00,86.58,1
2024-11-20 14:48:00,86.69,1
2024-11-20 14:49:00,86.8,1
2024-11-20 14:50:00,86.81,1
2024-11-20 14:51:00,86.76,1
2024-11-20 14:52:00,86.82,1
2024-11-20 14:53:00,86.88,1
2024-11-20 14:54:00,86.8,1
2024-11-20 14:55:00,86.57,1
2024-11-20 14:56:00,86.69,1
2024-11-20 14:57:00,86.88,1
2024-11-20 14:58:00,86.91,1
2024-11-20 14:59:00,86.81,1
2024-11-20 15:00:00,86.78,1
2024-11-20 15:01:00,86.82,1
2024-11-20 15:02:00,86.87,1
2024-11-20 15:03:00,86.49,1
2024-11-20 15:04:00,86.57,1
2024-11-20 15:05:00,86.61,1
2024-11-20 15:06:00,86.41,1
2024-11-20 15:07:00,86.16,1
2024-11-20 15:08:00,86.27,1
2024-11-20 15:09:00,86.05,1
2024-11-20 15:10:00,85.89,1
2024-11-20 15:11:00,85.91,1
2024-11-20 15:12:00,86.09,1
2024-11-20 15:13:00,86.1,1
2024-11-20 15:14:00,86.18,1
2024-11-20 15:15:00,86.08,1
2024-11-20 15:16:00,86.04,1
2024-11-20 15:17:00,85.98,1
2024-11-20 15:18:00,85.99,1
2024-11-20 15:19:00,86.06,1
2024-11-20 15:20:00,86.06,1
2024-11-20 15:21:00,85.9,1
2024-11-20 15:22:00,85.87,1
2024-11-20 15:23:00,85.86,1
2024-11-20 15:24:00,85.89,1
2024-11-20 15:25:00,86.06,1
2024-11-20 15:26:00,86.25,1
2024-11-20 15:27:00,86.14,1
2024-11-20 15:28:00,86.21,1
2024-11-20 15:29:00,86.03,1
2024-11-20 15:30:00,86.06,1
2024-11-20 15:31:00,86.09,1
2024-11-20 15:32:00,86.2,1
2024-11-20 15:33:00,86.18,1
2024-11-20 15:34:00,86.18,1
2024-11-20 15:35:00,86.19,1
2024-11-20 15:36:00,86.2,1
2024-11-20 15:37:00,85.92,1
2024-11-20 15:38:00,85.92,1
2024-11-20 15:39:00,85.98,1
2024-11-20 15:40:00,86.09,1
2024-11-20 15:41:00,85.95,1
2024-11-20 15:42:00,85.92,1
2024-11-20 15:43:00,85.9,1
2024-11-20 15:44:00,86.12,1
2024-11-20 15:45:00,86.11,1
2024-11-20 15:46:00,86.06,1
2024-11-20 15:47:00,86.17,1
2024-11-20 15:48:00,86.24,1
2024-11-20 15:49:00,86.21,1
2024-11-20 15:50:00,86.3,1
2024-11-20 15:51:00,86.29,1
2024-11-20 15:52:00,86.29,1
2024-11-20 15:53:00,86.26,1
2024-11-20 15:54:00,86.18,1
2024-11-20 15:55:00,86.33,1
2024-11-20 15:56:00,86.39,1
2024-11-20 15:57:00,86.4,1
2024-11-20 15:58:00,86.37,1
2024-11-20 15:59:00,86.49,1
2024-11-20 16:00:00,86.47,1
2024-11-20 16:01:00,86.4,1
2024-11-20 16:02:00,86.5,1
2024-11-20 16:03:00,86.33,1
2024-11-20 16:04:00,86.41,1
2024-11-20 16:05:00,86.54,1
2024-11-20 16:06:00,86.29,1
2024-11-20 16:07:00,86.16,1
2024-11-20 16:08:00,86.01,1
2024-11-20 16:09:00,85.83,1
2024-11-20 16:10:00,85.95,1
2024-11-20 16:11:00,85.86,1
2024-11-20 16:12:00,85.61,1
2024-11-20 16:13:00,85.59,1
2024-11-20 16:14:00,85.48,1
2024-11-20 16:15:00,85.46,1
2024-11-20 16:16:00,85.36,1
2024-11-20 16:17:00,85.18,1
2024-11-20 16:18:00,85.03,1
2024-11-20 16:19:00,85.15,1
2024-11-20 16:20:00,85.41,1
2024-11-20 16:21:00,85.24,1
2024-11-20 16:22:00,85.08,1
2024-11-20 16:23:00,84.88,1
2024-11-20 16:24:00,84.92,1
2024-11-20 16:25:00,84.6,1
2024-11-20 16:26:00,84.72,1
2024-11-20 16:27:00,84.6,1
2024-11-20 16:28:00,84.47,1
2024-11-20 16:29:00,84.42,1
2024-11-20 16:30:00,84.32,1
2024-11-20 16:31:00,83.92,1
2024-11-20 16:32:00,84.09,1
2024-11-20 16:33:00,84.22,1
2024-11-20 16:34:00,84.25,1
2024-11-20 16:35:00,84.32,1
2024-11-20 16:36:00,84.38,1
2024-11-20 16:37:00,83.94,1
2024-11-20 16:38:00,83.9,1
2024-11-20 16:39:00,83.98,1
2024-11-20 16:40:00,84.31,1
2024-11-20 16:41:00,84.26,1
2024-11-20 16:42:00,84.38,1
2024-11-20 16:43:00,84.25,1
2024-11-20 16:44:00,84.43,1
2024-11-20 16:45:00,84.44,1
2024-11-20 16:46:00,84.37,1
2024-11-20 16:47:00,84.26,1
2024-11-20 16:48:00,84.47,1
2024-11-20 16:49:00,84.1,1
2024-11-20 16:50:00,83.96,1
2024-11-20 16:51:00,83.95,1
2024-11-20 16:52:00,84.18,1
2024-11-20 16:53:00,84.29,1
2024-11-20 16:54:00,84.48,1
2024-11-20 16:55:00,84.54,1
2024-11-20 16:56:00,84.36,1
2024-11-20 16:57:00,84.44,1
2024-11-20 16:58:00,84.4,1
2024-11-20 16:59:00,84.6,1
2024-11-20 17:00:00,84.53,1
2024-11-20 17:01:00,84.7,1
2024-11-20 17:02:00,84.78,1
2024-11-20 17:03:00,84.65,1
2024-11-20 17:04:00,84.76,1
2024-11-20 17:05:00,85.05,1
2024-11-20 17:06:00,85.11,1
2024-11-20 17:07:00,85.05,1
2024-11-20 17:08:00,84.77,1
2024-11-20 17:09:00,84.86,1
2024-11-20 17:10:00,85.02,1
2024-11-20 17:11:00,85.04,1
2024-11-20 17:12:00,84.94,1
2024-11-20 17:13:00,84.47,1
2024-11-20 17:14:00,84.69,1
2024-11-20 17:15:00,84.64,1
2024-11-20 17:16:00,84.74,1
2024-11-20 17:17:00,84.65,1
2024-11-20 17:18:00,84.71,1
2024-11-20 17:19:00,84.78,1
2024-11-20 17:20:00,84.47,1
2024-11-20 17:21:00,84.2,1
2024-11-20 17:22:00,84.33,1
2024-11-20 17:23:00,84.17,1
2024-11-20 17:24:00,84.22,1
2024-11-20 17:25:00,84.13,1
2024-11-20 17:26:00,84.21,1
2024-11-20 17:27:00,84.23,1
2024-11-20 17:28:00,84.55,1
2024-11-20 17:29:00,84.38,1
2024-11-20 17:30:00,84.54,1
2024-11-20 17:31:00,84.49,1
2024-11-20 17:32:00,84.5,1
2024-11-20 17:33:00,84.29,1
2024-11-20 17:34:00,84.22,1
2024-11-20 17:35:00,84.3,1
2024-11-20 17:36:00,84.4,1
2024-11-20 17:37:00,84.31,1
2024-11-20 17:38:00,84.58,1
2024-11-20 17:39:00,84.71,1
2024-11-20 17:40:00,84.76,1
2024-11-20 17:41:00,84.66,1
2024-11-20 17:42:00,84.64,1
2024-11-20 17:43:00,84.65,1
2024-11-20 17:44:00,84.67,1
2024-11-20 17:45:00,84.77,1
2024-11-20 17:46:00,84.69,1
2024-11-20 17:47:00,84.71,1
2024-11-20 17:48:00,84.63,1
2024-11-20 17:49:00,84.64,1
2024-11-20 17:50:00,84.59,1
2024-11-20 17:51:00,84.58,1
2024-11-20 17:52:00,84.72,1
2024-11-20 17:53:00,84.64,1
2024-11-20 17:54:00,84.44,1
2024-11-20 17:55:00,84.32,1
2024-11-20 17:56:00,84.27,1
2024-11-20 17:57:00,84.15,1
2024-11-20 17:58:00,83.99,1
2024-11-20 17:59:00,83.89,1
2024-11-20 18:00:00,83.83,1
2024-11-20 18:01:00,83.63,1
2024-11-20 18:02:00,82.77,1
2024-11-20 18:03:00,83.27,1
2024-11-20 18:04:00,83.61,1
2024-11-20 18:05:00,83.55,1
2024-11-20 18:06:00,83.46,1
2024-11-20 18:07:00,83.62,1
2024-11-20 18:08:00,83.6,1
2024-11-20 18:09:00,83.73,1
2024-11-20 18:10:00,83.73,1
2024-11-20 18:11:00,83.76,1
2024-11-20 18:12:00,83.78,1
2024-11-20 18:13:00,83.9,1
2024-11-20 18:14:00,83.9,1
2024-11-20 18:15:00,83.94,1
2024-11-20 18:16:00,84.15,1
2024-11-20 18:17:00,84.12,1
2024-11-20 18:18:00,84.01,1
2024-11-20 18:19:00,83.63,1
2024-11-20 18:20:00,83.5,1
2024-11-20 18:21:00,83.31,1
2024-11-20 18:22:00,83.14,1
2024-11-20 18:23:00,82.91,1
2024-11-20 18:24:00,82.93,1
2024-11-20 18:25:00,83.26,1
2024-11-20 18:26:00,82.93,1
2024-11-20 18:27:00,83.18,1
2024-11-20 18:28:00,83.11,1
2024-11-20 18:29:00,83.27,1
2024-11-20 18:30:00,83.36,1
2024-11-20 18:31:00,83.16,1
2024-11-20 18:32:00,83.14,1
2024-11-20 18:33:00,83.06,1
2024-11-20 18:34:00,83.56,1
2024-11-20 18:35:00,83.35,1
2024-11-20 18:36:00,83.71,1
2024-11-20 18:37:00,83.33,1
2024-11-20 18:38:00,83.51,1
2024-11-20 18:39:00,83.34,1
2024-11-20 18:40:00,83.72,1
2024-11-20 18:41:00,83.8,1
2024-11-20 18:42:00,83.78,1
2024-11-20 18:43:00,83.83,1
2024-11-20 18:44:00,84.01,1
2024-11-20 18:45:00,83.95,1
2024-11-20 18:46:00,83.89,1
2024-11-20 18:47:00,83.79,1
2024-11-20 18:48:00,83.97,1
2024-11-20 18:49:00,84.0,1
2024-11-20 18:50:00,83.94,1
2024-11-20 18:51:00,83.74,1
2024-11-20 18:52:00,83.76,1
2024-11-20 18:53:00,83.73,1
2024-11-20 18:54:00,83.67,1
2024-11-20 18:55:00,83.82,1
2024-11-20 18:56:00,83.8,1
2024-11-20 18:57:00,83.88,1
2024-11-20 18:58:00,83.76,1
2024-11-20 18:59:00,83.68,1
2024-11-20 19:00:00,83.52,1
2024-11-20 19:01:00,83.33,1
2024-11-20 19:02:00,83.22,1
2024-11-20 19:03:00,83.26,1
2024-11-20 19:04:00,83.27,1
2024-11-20 19:05:00,83.57,1
2024-11-20 19:06:00,83.53,1
2024-11-20 19:07:00,83.36,1
2024-11-20 19:08:00,83.23,1
2024-11-20 19:09:00,83.09,1
2024-11-20 19:10:00,83.08,1
2024-11-20 19:11:00,83.12,1
2024-11-20 19:12:00,83.03,1
2024-11-20 19:13:00,83.0,1
2024-11-20 19:14:00,83.17,1
2024-11-20 19:15:00,83.08,1
2024-11-20 19:16:00,83.1,1
2024-11-20 19:17:00,82.93,1
2024-11-20 19:18:00,82.75,1
2024-11-20 19:19:00,82.75,1
2024-11-20 19:20:00,82.65,1
2024-11-20 19:21:00,82.75,1
2024-11-20 19:22:00,82.76,1
2024-11-20 19:23:00,82.56,1
2024-11-20 19:24:00,82.49,1
2024-11-20 19:25:00,82.4,1
2024-11-20 19:26:00,82.52,1
2024-11-20 19:27:00,82.74,1
2024-11-20 19:28:00,82.75,1
2024-11-20 19:29:00,82.72,1
2024-11-20 19:30:00,82.89,1
2024-11-20 19:31:00,83.05,1
2024-11-20 19:32:00,83.17,1
2024-11-20 19:33:00,83.16,1
2024-11-20 19:34:00,83.03,1
2024-11-20 19:35:00,83.23,1
2024-11-20 19:36:00,83.17,1
2024-11-20 19:37:00,83.2,1
2024-11-20 19:38:00,83.31,1
2024-11-20 19:39:00,83.32,1
2024-11-20 19:40:00,83.36,1
2024-11-20 19:41:00,83.58,1
2024-11-20 19:42:00,83.39,1
2024-11-20 19:43:00,83.51,1
2024-11-20 19:44:00,83.49,1
2024-11-20 19:45:00,83.63,1
2024-11-20 19:46:00,83.6,1
2024-11-20 19:47:00,83.63,1
2024-11-20 19:48:00,83.76,1
2024-11-20 19:49:00,83.72,1
2024-11-20 19:50:00,83.69,1
2024-11-20 19:51:00,83.54,1
2024-11-20 19:52:00,83.53,1
2024-11-20 19:53:00,83.48,1
2024-11-20 19:54:00,83.47,1
2024-11-20 19:55:00,83.45,1
2024-11-20 19:56:00,83.39,1
2024-11-20 19:57:00,83.36,1
2024-11-20 19:58:00,83.44,1
2024-11-20 19:59:00,83.41,1
2024-11-20 20:00:00,83.42,1
2024-11-20 20:01:00,83.04,1
2024-11-20 20:02:00,83.16,1
2024-11-20 20:03:00,83.11,1
2024-11-20 20:04:00,83.1,1
2024-11-20 20:05:00,82.98,1
2024-11-20 20:06:00,83.02,1
2024-11-20 20:07:00,82.85,1
2024-11-20 20:08:00,82.97,1
2024-11-20 20:09:00,82.91,1
2024-11-20 20:10:00,83.05,1
2024-11-20 20:11:00,83.26,1
2024-11-20 20:12:00,83.22,1
2024-11-20 20:13:00,83.28,1
2024-11-20 20:14:00,83.27,1
2024-11-20 20:15:00,83.42,1
2024-11-20 20:16:00,83.44,1
2024-11-20 20:17:00,83.51,1
2024-11-20 20:18:00,83.64,1
2024-11-20 20:19:00,83.71,1
2024-11-20 20:20:00,83.84,1
2024-11-20 20:21:00,83.97,1
2024-11-20 20:22:00,83.93,1
2024-11-20 20:23:00,83.99,1
2024-11-20 20:24:00,84.01,1
2024-11-20 20:25:00,84.02,1
2024-11-20 20:26:00,83.98,1
2024-11-20 20:27:00,84.03,1
2024-11-20 20:28:00,84.03,1
2024-11-20 20:29:00,84.12,1
2024-11-20 20:30:00,84.07,1
2024-11-20 20:31:00,84.17,1
2024-11-20 20:32:00,84.17,1
2024-11-20 20:33:00,84.3,1
2024-11-20 20:34:00,84.29,1
2024-11-20 20:35:00,84.21,1
2024-11-20 20:36:00,84.2,1
2024-11-20 20:37:00,84.11,1
2024-11-20 20:38:00,84.03,1
2024-11-20 20:39:00,84.12,1
2024-11-20 20:40:00,84.22,1
2024-11-20 20:41:00,84.26,1
2024-11-20 20:42:00,84.19,1
2024-11-20 20:43:00,84.25,1
2024-11-20 20:44:00,84.24,1
2024-11-20 20:45:00,84.31,1
2024-11-20 20:46:00,84.29,1
2024-11-20 20:47:00,84.37,1
2024-11-20 20:48:00,84.39,1
2024-11-20 20:49:00,84.43,1
2024-11-20 20:50:00,84.29,1
2024-11-20 20:51:00,84.3,1
2024-11-20 20:52:00,84.31,1
2024-11-20 20:53:00,84.27,1
2024-11-20 20:54:00,84.33,1
2024-11-20 20:55:00,84.29,1
2024-11-20 20:56:00,84.33,1
2024-11-20 20:57:00,84.19,1
2024-11-20 20:58:00,84.22,1
2024-11-20 20:59:00,84.16,1
2024-11-20 21:00:00,84.15,1
2024-11-20 21:01:00,84.13,1
2024-11-20 21:02:00,84.29,1
2024-11-20 21:03:00,84.24,1
2024-11-20 21:04:00,84.22,1
2024-11-20 21:05:00,84.22,1
2024-11-20 21:06:00,84.11,1
2024-11-20 21:07:00,84.28,1
2024-11-20 21:08:00,84.29,1
2024-11-20 21:09:00,84.32,1
2024-11-20 21:10:00,84.28,1
2024-11-20 21:11:00,84.29,1
2024-11-20 21:12:00,84.26,1
2024-11-20 21:13:00,84.29,1
2024-11-20 21:14:00,84.37,1
2024-11-20 21:15:00,84.36,1
2024-11-20 21:16:00,84.4,1
2024-11-20 21:17:00,84.48,1
2024-11-20 21:18:00,84.41,1
2024-11-20 21:19:00,84.17,1
2024-11-20 21:20:00,84.16,1
2024-11-20 21:21:00,83.95,1
2024-11-20 21:22:00,83.93,1
2024-11-20 21:23:00,84.05,1
2024-11-20 21:24:00,84.29,1
2024-11-20 21:25:00,84.16,1
2024-11-20 21:26:00,84.12,1
2024-11-20 21:27:00,84.07,1
2024-11-20 21:28:00,84.11,1
2024-11-20 21:29:00,84.1,1
2024-11-20 21:30:00,84.08,1
2024-11-20 21:31:00,84.02,1
2024-11-20 21:32:00,83.83,1
2024-11-20 21:33:00,83.89,1
2024-11-20 21:34:00,83.95,1
2024-11-20 21:35:00,83.95,1
2024-11-20 21:36:00,83.91,1
2024-11-20 21:37:00,83.96,1
2024-11-20 21:38:00,84.03,1
2024-11-20 21:39:00,84.23,1
2024-11-20 21:40:00,84.07,1
2024-11-20 21:41:00,84.11,1
2024-11-20 21:42:00,84.08,1
2024-11-20 21:43:00,84.3,1
2024-11-20 21:44:00,84.41,1
2024-11-20 21:45:00,84.34,1
2024-11-20 21:46:00,84.3,1
2024-11-20 21:47:00,84.29,1
2024-11-20 21:48:00,84.32,1
2024-11-20 21:49:00,84.23,1
2024-11-20 21:50:00,84.21,1
2024-11-20 21:51:00,84.14,1
2024-11-20 21:52:00,84.12,1
2024-11-20 21:53:00,84.12,1
2024-11-20 21:54:00,84.23,1
2024-11-20 21:55:00,84.25,1
2024-11-20 21:56:00,84.21,1
2024-11-20 21:57:00,84.23,1
2024-11-20 21:58:00,84.19,1
2024-11-20 21:59:00,84.12,1
2024-11-20 22:00:00,84.12,1
2024-11-20 22:01:00,84.22,1
2024-11-20 22:02:00,84.23,1
2024-11-20 22:03:00,84.34,1
2024-11-20 22:04:00,84.36,1
2024-11-20 22:05:00,84.41,1
2024-11-20 22:06:00,84.44,1
2024-11-20 22:07:00,84.41,1
2024-11-20 22:08:00,84.43,1
2024-11-20 22:09:00,84.41,1
2024-11-20 22:10:00,84.41,1
2024-11-20 22:11:00,84.41,1
2024-11-20 22:12:00,84.5,1
2024-11-20 22:13:00,84.53,1
2024-11-20 22:14:00,84.64,1
2024-11-20 22:15:00,84.73,1
2024-11-20 22:16:00,84.78,1
2024-11-20 22:17:00,84.85,1
2024-11-20 22:18:00,84.72,1
2024-11-20 22:19:00,84.66,1
2024-11-20 22:20:00,84.64,1
2024-11-20 22:21:00,84.7,1
2024-11-20 22:22:00,84.69,1
2024-11-20 22:23:00,84.62,1
2024-11-20 22:24:00,84.54,1
2024-11-20 22:25:00,84.59,1
2024-11-20 22:26:00,84.69,1
2024-11-20 22:27:00,84.63,1
2024-11-20 22:28:00,84.62,1
2024-11-20 22:29:00,84.48,1
2024-11-20 22:30:00,84.44,1
2024-11-20 22:31:00,84.36,1
2024-11-20 22:32:00,84.27,1
2024-11-20 22:33:00,84.16,1
2024-11-20 22:34:00,84.2,1
2024-11-20 22:35:00,84.1,1
2024-11-20 22:36:00,84.1,1
2024-11-20 22:37:00,84.03,1
2024-11-20 22:38:00,83.95,1
2024-11-20 22:39:00,83.93,1
2024-11-20 22:40:00,83.97,1
2024-11-20 22:41:00,83.93,1
2024-11-20 22:42:00,83.95,1
2024-11-20 22:43:00,83.99,1
2024-11-20 22:44:00,83.95,1
2024-11-20 22:45:00,84.01,1
2024-11-20 22:46:00,83.97,1
2024-11-20 22:47:00,83.91,1
2024-11-20 22:48:00,83.9,1
2024-11-20 22:49:00,83.96,1
2024-11-20 22:50:00,83.97,1
2024-11-20 22:51:00,83.99,1
2024-11-20 22:52:00,84.0,1
2024-11-20 22:53:00,84.06,1
2024-11-20 22:54:00,84.15,1
2024-11-20 22:55:00,84.1,1
2024-11-20 22:56:00,84.09,1
2024-11-20 22:57:00,84.13,1
2024-11-20 22:58:00,84.15,1
2024-11-20 22:59:00,84.24,1
2024-11-20 23:00:00,84.18,1
2024-11-20 23:01:00,84.17,1
2024-11-20 23:02:00,84.21,1
2024-11-20 23:03:00,84.21,1
2024-11-20 23:04:00,84.2,1
2024-11-20 23:05:00,84.31,1
2024-11-20 23:06:00,84.25,1
2024-11-20 23:07:00,84.16,1
2024-11-20 23:08:00,84.12,1
2024-11-20 23:09:00,84.22,1
2024-11-20 23:10:00,84.2,1
2024-11-20 23:11:00,84.3,1
2024-11-20 23:12:00,84.23,1
2024-11-20 23:13:00,84.04,1
2024-11-20 23:14:00,84.03,1
2024-11-20 23:15:00,84.01,1
2024-11-20 23:16:00,83.95,1
2024-11-20 23:17:00,83.87,1
2024-11-20 23:18:00,83.93,1
2024-11-20 23:19:00,83.87,1
2024-11-20 23:20:00,83.84,1
2024-11-20 23:21:00,83.79,1
2024-11-20 23:22:00,83.78,1
2024-11-20 23:23:00,83.71,1
2024-11-20 23:24:00,83.75,1
2024-11-20 23:25:00,83.88,1
2024-11-20 23:26:00,83.9,1
2024-11-20 23:27:00,83.89,1
2024-11-20 23:28:00,83.79,1
2024-11-20 23:29:00,83.8,1
2024-11-20 23:30:00,83.83,1
2024-11-20 23:31:00,83.81,1
2024-11-20 23:32:00,83.9,1
2024-11-20 23:33:00,83.93,1
2024-11-20 23:34:00,83.91,1
2024-11-20 23:35:00,83.9,1
2024-11-20 23:36:00,83.88,1
2024-11-20 23:37:00,83.88,1
2024-11-20 23:38:00,83.89,1
2024-11-20 23:39:00,83.93,1
2024-11-20 23:40:00,84.02,1
2024-11-20 23:41:00,84.05,1
2024-11-20 23:42:00,84.04,1
2024-11-20 23:43:00,83.96,1
2024-11-20 23:44:00,83.96,1
2024-11-20 23:45:00,83.91,1
2024-11-20 23:46:00,83.7,1
2024-11-20 23:47:00,83.68,1
2024-11-20 23:48:00,83.73,1
2024-11-20 23:49:00,83.69,1
2024-11-20 23:50:00,83.55,1
2024-11-20 23:51:00,83.45,1
2024-11-20 23:52:00,83.39,1
2024-11-20 23:53:00,83.34,1
2024-11-20 23:54:00,83.29,1
2024-11-20 23:55:00,83.28,1
2024-11-20 23:56:00,83.17,1
2024-11-20 23:57:00,83.25,1
2024-11-20 23:58:00,83.38,1
2024-11-20 23:59:00,83.41,1
2024-11-21 00:00:00,83.41,1
2024-11-21 00:01:00,83.28,1
2024-11-21 00:02:00,83.2,1
2024-11-21 00:03:00,83.23,1
2024-11-21 00:04:00,83.43,1
2024-11-21 00:05:00,83.51,1
2024-11-21 00:06:00,83.48,1
2024-11-21 00:07:00,83.7,1
2024-11-21 00:08:00,83.75,1
2024-11-21 00:09:00,83.69,1
2024-11-21 00:10:00,83.8,1
2024-11-21 00:11:00,83.77,1
2024-11-21 00:12:00,83.82,1
2024-11-21 00:13:00,83.82,1
2024-11-21 00:14:00,83.9,1
2024-11-21 00:15:00,83.91,1
2024-11-21 00:16:00,83.87,1
2024-11-21 00:17:00,83.92,1
2024-11-21 00:18:00,84.1,1
2024-11-21 00:19:00,83.86,1
2024-11-21 00:20:00,83.96,1
2024-11-21 00:21:00,84.06,1
2024-11-21 00:22:00,84.02,1
2024-11-21 00:23:00,84.08,1
2024-11-21 00:24:00,84.11,1
2024-11-21 00:25:00,84.11,1
2024-11-21 00:26:00,84.18,1
2024-11-21 00:27:00,84.24,1
2024-11-21 00:28:00,84.29,1
2024-11-21 00:29:00,84.3,1
2024-11-21 00:30:00,84.4,1
2024-11-21 00:31:00,84.22,1
2024-11-21 00:32:00,84.18,1
2024-11-21 00:33:00,84.13,1
2024-11-21 00:34:00,84.16,1
2024-11-21 00:35:00,84.26,1
2024-11-21 00:36:00,84.24,1
2024-11-21 00:37:00,84.24,1
2024-11-21 00:38:00,84.04,1
2024-11-21 00:39:00,84.05,1
2024-11-21 00:40:00,84.13,1
2024-11-21 00:41:00,84.1,1
2024-11-21 00:42:00,84.15,1
2024-11-21 00:43:00,84.11,1
2024-11-21 00:44:00,84.16,1
2024-11-21 00:45:00,84.14,1
2024-11-21 00:46:00,84.11,1
2024-11-21 00:47:00,84.32,1
2024-11-21 00:48:00,84.34,1
2024-11-21 00:49:00,84.25,1
2024-11-21 00:50:00,84.25,1
2024-11-21 00:51:00,84.34,1
2024-11-21 00:52:00,84.34,1
2024-11-21 00:53:00,84.36,1
2024-11-21 00:54:00,84.3,1
2024-11-21 00:55:00,84.34,1
2024-11-21 00:56:00,84.24,1
2024-11-21 00:57:00,84.22,1
2024-11-21 00:58:00,84.15,1
2024-11-21 00:59:00,84.25,1
2024-11-21 01:00:00,84.27,1
2024-11-21 01:01:00,84.3,1
2024-11-21 01:02:00,84.4,1
2024-11-21 01:03:00,84.36,1
2024-11-21 01:04:00,84.32,1
2024-11-21 01:05:00,84.27,1
2024-11-21 01:06:00,84.42,1
2024-11-21 01:07:00,84.47,1
2024-11-21 01:08:00,84.56,1
2024-11-21 01:09:00,84.46,1
2024-11-21 01:10:00,84.36,1
2024-11-21 01:11:00,84.38,1
2024-11-21 01:12:00,84.15,1
2024-11-21 01:13:00,84.31,1
2024-11-21 01:14:00,84.39,1
2024-11-21 01:15:00,84.34,1
2024-11-21 01:16:00,84.33,1
2024-11-21 01:17:00,84.37,1
2024-11-21 01:18:00,84.38,1
2024-11-21 01:19:00,84.53,1
2024-11-21 01:20:00,84.51,1
2024-11-21 01:21:00,84.79,1
2024-11-21 01:22:00,84.8,1
2024-11-21 01:23:00,84.76,1
2024-11-21 01:24:00,84.8,1
2024-11-21 01:25:00,84.79,1
2024-11-21 01:26:00,84.78,1
2024-11-21 01:27:00,84.73,1
2024-11-21 01:28:00,84.81,1
2024-11-21 01:29:00,84.85,1
2024-11-21 01:30:00,84.83,1
2024-11-21 01:31:00,84.89,1
2024-11-21 01:32:00,84.85,1
2024-11-21 01:33:00,84.87,1
2024-11-21 01:34:00,84.9,1
2024-11-21 01:35:00,84.85,1
2024-11-21 01:36:00,84.91,1
2024-11-21 01:37:00,84.92,1
2024-11-21 01:38:00,84.82,1
2024-11-21 01:39:00,84.81,1
2024-11-21 01:40:00,84.68,1
2024-11-21 01:41:00,84.67,1
2024-11-21 01:42:00,84.75,1
2024-11-21 01:43:00,84.74,1
2024-11-21 01:44:00,84.77,1
2024-11-21 01:45:00,84.71,1
2024-11-21 01:46:00,84.55,1
2024-11-21 01:47:00,84.56,1
2024-11-21 01:48:00,84.56,1
2024-11-21 01:49:00,84.48,1
2024-11-21 01:50:00,84.4,1
2024-11-21 01:51:00,84.42,1
2024-11-21 01:52:00,84.48,1
2024-11-21 01:53:00,84.34,1
2024-11-21 01:54:00,84.33,1
2024-11-21 01:55:00,84.44,1
2024-11-21 01:56:00,84.52,1
2024-11-21 01:57:00,84.46,1
2024-11-21 01:58:00,84.36,1
2024-11-21 01:59:00,84.31,1
2024-11-21 02:00:00,84.34,1
2024-11-21 02:01:00,84.3,1
2024-11-21 02:02:00,84.15,1
2024-11-21 02:03:00,84.06,1
2024-11-21 02:04:00,83.98,1
2024-11-21 02:05:00,84.03,1
2024-11-21 02:06:00,83.92,1
2024-11-21 02:07:00,84.03,1
2024-11-21 02:08:00,83.81,1
2024-11-21 02:09:00,83.8,1
2024-11-21 02:10:00,83.7,1
2024-11-21 02:11:00,83.57,1
2024-11-21 02:12:00,83.55,1
2024-11-21 02:13:00,83.49,1
2024-11-21 02:14:00,83.47,1
2024-11-21 02:15:00,83.48,1
2024-11-21 02:16:00,83.3,1
2024-11-21 02:17:00,83.07,1
2024-11-21 02:18:00,82.91,1
2024-11-21 02:19:00,83.13,1
2024-11-21 02:20:00,83.22,1
2024-11-21 02:21:00,83.41,1
2024-11-21 02:22:00,83.44,1
2024-11-21 02:23:00,83.33,1
2024-11-21 02:24:00,83.09,1
2024-11-21 02:25:00,82.82,1
2024-11-21 02:26:00,82.72,1
2024-11-21 02:27:00,82.73,1
2024-11-21 02:28:00,82.73,1
2024-11-21 02:29:00,82.55,1
2024-11-21 02:30:00,82.4,1
2024-11-21 02:31:00,82.45,1
2024-11-21 02:32:00,82.47,1
2024-11-21 02:33:00,82.47,1
2024-11-21 02:34:00,82.35,1
2024-11-21 02:35:00,81.92,1
2024-11-21 02:36:00,82.08,1
2024-11-21 02:37:00,82.29,1
2024-11-21 02:38:00,82.09,1
2024-11-21 02:39:00,82.16,1
2024-11-21 02:40:00,82.0,1
2024-11-21 02:41:00,81.96,1
2024-11-21 02:42:00,81.93,1
2024-11-21 02:43:00,81.86,1
2024-11-21 02:44:00,81.87,1
2024-11-21 02:45:00,81.68,1
2024-11-21 02:46:00,81.97,1
2024-11-21 02:47:00,82.17,1
2024-11-21 02:48:00,82.21,1
2024-11-21 02:49:00,82.2,1
2024-11-21 02:50:00,82.28,1
2024-11-21 02:51:00,82.27,1
2024-11-21 02:52:00,82.43,1
2024-11-21 02:53:00,82.46,1
2024-11-21 02:54:00,82.64,1
2024-11-21 02:55:00,82.61,1
2024-11-21 02:56:00,82.65,1
2024-11-21 02:57:00,82.79,1
2024-11-21 02:58:00,82.75,1
2024-11-21 02:59:00,82.78,1
2024-11-21 03:00:00,82.84,1
2024-11-21 03:01:00,82.82,1
2024-11-21 03:02:00,82.89,1
2024-11-21 03:03:00,82.65,1
2024-11-21 03:04:00,82.67,1
2024-11-21 03:05:00,82.81,1
2024-11-21 03:06:00,82.91,1
2024-11-21 03:07:00,83.27,1
2024-11-21 03:08:00,83.38,1
2024-11-21 03:09:00,83.38,1
2024-11-21 03:10:00,83.38,1
2024-11-21 03:11:00,83.46,1
2024-11-21 03:12:00,83.51,1
2024-11-21 03:13:00,83.63,1
2024-11-21 03:14:00,83.57,1
2024-11-21 03:15:00,83.54,1
2024-11-21 03:16:00,83.59,1
2024-11-21 03:17:00,83.36,1
2024-11-21 03:18:00,83.16,1
2024-11-21 03:19:00,83.1,1
2024-11-21 03:20:00,83.25,1
2024-11-21 03:21:00,83.2,1
2024-11-21 03:22:00,83.2,1
2024-11-21 03:23:00,83.26,1
2024-11-21 03:24:00,83.35,1
2024-11-21 03:25:00,83.48,1
2024-11-21 03:26:00,83.69,1
2024-11-21 03:27:00,83.93,1
2024-11-21 03:28:00,83.97,1
2024-11-21 03:29:00,84.22,1
2024-11-21 03:30:00,84.32,1
2024-11-21 03:31:00,84.18,1
2024-11-21 03:32:00,84.09,1
2024-11-21 03:33:00,84.06,1
2024-11-21 03:34:00,84.08,1
2024-11-21 03:35:00,84.14,1
2024-11-21 03:36:00,84.25,1
2024-11-21 03:37:00,84.36,1
2024-11-21 03:38:00,84.18,1
2024-11-21 03:39:00,84.08,1
2024-11-21 03:40:00,83.97,1
2024-11-21 03:41:00,84.04,1
2024-11-21 03:42:00,84.17,1
2024-11-21 03:43:00,84.24,1
2024-11-21 03:44:00,84.07,1
2024-11-21 03:45:00,83.79,1
2024-11-21 03:46:00,83.88,1
2024-11-21 03:47:00,84.0,1
2024-11-21 03:48:00,84.0,1
2024-11-21 03:49:00,84.0,1
2024-11-21 03:50:00,83.96,1
2024-11-21 03:51:00,84.04,1
2024-11-21 03:52:00,83.96,1
2024-11-21 03:53:00,83.84,1
2024-11-21 03:54:00,83.88,1
2024-11-21 03:55:00,83.98,1
2024-11-21 03:56:00,84.01,1
2024-11-21 03:57:00,83.96,1
2024-11-21 03:58:00,84.0,1
2024-11-21 03:59:00,83.84,1
2024-11-21 04:00:00,84.0,1
2024-11-21 04:01:00,84.28,1
2024-11-21 04:02:00,84.23,1
2024-11-21 04:03:00,84.3,1
2024-11-21 04:04:00,84.31,1
2024-11-21 04:05:00,84.45,1
2024-11-21 04:06:00,84.69,1
2024-11-21 04:07:00,84.76,1
2024-11-21 04:08:00,84.7,1
2024-11-21 04:09:00,84.6,1
2024-11-21 04:10:00,84.78,1
2024-11-21 04:11:00,84.87,1
2024-11-21 04:12:00,84.99,1
2024-11-21 04:13:00,85.25,1
2024-11-21 04:14:00,85.44,1
2024-11-21 04:15:00,85.19,1
2024-11-21 04:16:00,85.14,1
2024-11-21 04:17:00,84.83,1
2024-11-21 04:18:00,84.69,1
2024-11-21 04:19:00,84.82,1
2024-11-21 04:20:00,84.73,1
2024-11-21 04:21:00,84.81,1
2024-11-21 04:22:00,84.59,1
2024-11-21 04:23:00,84.49,1
2024-11-21 04:24:00,84.45,1
2024-11-21 04:25:00,84.51,1
2024-11-21 04:26:00,84.59,1
2024-11-21 04:27:00,84.73,1
2024-11-21 04:28:00,84.86,1
2024-11-21 04:29:00,84.9,1
2024-11-21 04:30:00,85.07,1
2024-11-21 04:31:00,85.18,1
2024-11-21 04:32:00,85.45,1
2024-11-21 04:33:00,85.69,1
2024-11-21 04:34:00,85.38,1
2024-11-21 04:35:00,85.57,1
2024-11-21 04:36:00,85.88,1
2024-11-21 04:37:00,85.91,1
2024-11-21 04:38:00,86.03,1
2024-11-21 04:39:00,86.19,1
2024-11-21 04:40:00,86.16,1
2024-11-21 04:41:00,86.23,1
2024-11-21 04:42:00,86.43,1
2024-11-21 04:43:00,86.34,1
2024-11-21 04:44:00,86.28,1
2024-11-21 04:45:00,86.22,1
2024-11-21 04:46:00,86.37,1
2024-11-21 04:47:00,86.08,1
2024-11-21 04:48:00,86.01,1
2024-11-21 04:49:00,86.02,1
2024-11-21 04:50:00,85.93,1
2024-11-21 04:51:00,85.99,1
2024-11-21 04:52:00,86.23,1
2024-11-21 04:53:00,85.97,1
2024-11-21 04:54:00,85.92,1
2024-11-21 04:55:00,85.98,1
2024-11-21 04:56:00,86.04,1
2024-11-21 04:57:00,86.23,1
2024-11-21 04:58:00,86.39,1
2024-11-21 04:59:00,86.27,1
2024-11-21 05:00:00,86.45,1
2024-11-21 05:01:00,86.35,1
2024-11-21 05:02:00,86.55,1
2024-11-21 05:03:00,86.8,1
2024-11-21 05:04:00,86.93,1
2024-11-21 05:05:00,87.01,1
2024-11-21 05:06:00,87.08,1
2024-11-21 05:07:00,87.02,1
2024-11-21 05:08:00,87.21,1
2024-11-21 05:09:00,87.18,1
2024-11-21 05:10:00,87.36,1
2024-11-21 05:11:00,87.6,1
2024-11-21 05:12:00,87.51,1
2024-11-21 05:13:00,87.22,1
2024-11-21 05:14:00,87.16,1
2024-11-21 05:15:00,87.32,1
2024-11-21 05:16:00,87.2,1
2024-11-21 05:17:00,87.07,1
2024-11-21 05:18:00,87.22,1
2024-11-21 05:19:00,87.26,1
2024-11-21 05:20:00,87.15,1
2024-11-21 05:21:00,86.83,1
2024-11-21 05:22:00,86.63,1
2024-11-21 05:23:00,86.74,1
2024-11-21 05:24:00,86.81,1
2024-11-21 05:25:00,86.84,1
2024-11-21 05:26:00,86.97,1
2024-11-21 05:27:00,86.91,1
2024-11-21 05:28:00,86.81,1
2024-11-21 05:29:00,86.84,1
2024-11-21 05:30:00,86.77,1
2024-11-21 05:31:00,86.8,1
2024-11-21 05:32:00,86.81,1
2024-11-21 05:33:00,86.66,1
2024-11-21 05:34:00,86.73,1
2024-11-21 05:35:00,86.71,1
2024-11-21 05:36:00,86.47,1
2024-11-21 05:37:00,86.75,1
2024-11-21 05:38:00,86.63,1
2024-11-21 05:39:00,86.49,1
2024-11-21 05:40:00,86.56,1
2024-11-21 05:41:00,86.98,1
2024-11-21 05:42:00,87.05,1
2024-11-21 05:43:00,87.04,1
2024-11-21 05:44:00,87.2,1
2024-11-21 05:45:00,87.33,1
2024-11-21 05:46:00,87.21,1
2024-11-21 05:47:00,87.07,1
2024-11-21 05:48:00,86.92,1
2024-11-21 05:49:00,87.04,1
2024-11-21 05:50:00,86.78,1
2024-11-21 05:51:00,86.83,1
2024-11-21 05:52:00,86.59,1
2024-11-21 05:53:00,86.34,1
2024-11-21 05:54:00,86.21,1
2024-11-21 05:55:00,86.49,1
2024-11-21 05:56:00,86.32,1
2024-11-21 05:57:00,86.44,1
2024-11-21 05:58:00,86.53,1
2024-11-21 05:59:00,86.51,1
2024-11-21 06:00:00,86.65,1
2024-11-21 06:01:00,86.43,1
2024-11-21 06:02:00,86.44,1
2024-11-21 06:03:00,86.33,1
2024-11-21 06:04:00,86.13,1
2024-11-21 06:05:00,86.34,1
2024-11-21 06:06:00,86.37,1
2024-11-21 06:07:00,86.47,1
2024-11-21 06:08:00,86.59,1
2024-11-21 06:09:00,86.74,1
2024-11-21 06:10:00,87.07,1
2024-11-21 06:11:00,87.33,1
2024-11-21 06:12:00,87.41,1
2024-11-21 06:13:00,87.94,1
2024-11-21 06:14:00,88.45,1
2024-11-21 06:15:00,88.23,1
2024-11-21 06:16:00,88.78,1
2024-11-21 06:17:00,88.69,1
2024-11-21 06:18:00,88.71,1
2024-11-21 06:19:00,88.63,1
2024-11-21 06:20:00,89.03,1
2024-11-21 06:21:00,88.7,1
2024-11-21 06:22:00,88.64,1
2024-11-21 06:23:00,88.1,1
2024-11-21 06:24:00,88.25,1
2024-11-21 06:25:00,88.76,1
2024-11-21 06:26:00,88.68,1
2024-11-21 06:27:00,88.67,1
2024-11-21 06:28:00,89.12,1
2024-11-21 06:29:00,88.44,1
2024-11-21 06:30:00,88.37,1
2024-11-21 06:31:00,88.84,1
2024-11-21 06:32:00,88.75,1
2024-11-21 06:33:00,89.03,1
2024-11-21 06:34:00,89.28,1
2024-11-21 06:35:00,89.41,1
2024-11-21 06:36:00,89.22,1
2024-11-21 06:37:00,88.91,1
2024-11-21 06:38:00,89.02,1
2024-11-21 06:39:00,89.04,1
2024-11-21 06:40:00,88.87,1
2024-11-21 06:41:00,89.05,1
2024-11-21 06:42:00,88.89,1
2024-11-21 06:43:00,88.82,1
2024-11-21 06:44:00,89.24,1
2024-11-21 06:45:00,89.42,1
2024-11-21 06:46:00,89.25,1
2024-11-21 06:47:00,88.99,1
2024-11-21 06:48:00,89.0,1
2024-11-21 06:49:00,89.8,1
2024-11-21 06:50:00,90.55,1
2024-11-21 06:51:00,90.75,1
2024-11-21 06:52:00,92.01,1
2024-11-21 06:53:00,91.13,1
2024-11-21 06:54:00,90.6,1
2024-11-21 06:55:00,90.81,1
2024-11-21 06:56:00,90.4,1
2024-11-21 06:57:00,90.51,1
2024-11-21 06:58:00,90.24,1
2024-11-21 06:59:00,90.03,1
2024-11-21 07:00:00,90.18,1
2024-11-21 07:01:00,89.87,1
2024-11-21 07:02:00,90.1,1
2024-11-21 07:03:00,89.72,1
2024-11-21 07:04:00,89.63,1
2024-11-21 07:05:00,90.15,1
2024-11-21 07:06:00,90.22,1
2024-11-21 07:07:00,90.48,1
2024-11-21 07:08:00,90.64,1
2024-11-21 07:09:00,90.5,1
2024-11-21 07:10:00,90.35,1
2024-11-21 07:11:00,90.18,1
2024-11-21 07:12:00,90.08,1
2024-11-21 07:13:00,90.18,1
2024-11-21 07:14:00,90.33,1
2024-11-21 07:15:00,90.25,1
2024-11-21 07:16:00,90.12,1
2024-11-21 07:17:00,90.46,1
2024-11-21 07:18:00,90.25,1
2024-11-21 07:19:00,90.22,1
2024-11-21 07:20:00,89.92,1
2024-11-21 07:21:00,89.96,1
2024-11-21 07:22:00,89.77,1
2024-11-21 07:23:00,90.11,1
2024-11-21 07:24:00,90.37,1
2024-11-21 07:25:00,90.35,1
2024-11-21 07:26:00,90.32,1
2024-11-21 07:27:00,90.22,1
2024-11-21 07:28:00,90.04,1
2024-11-21 07:29:00,90.02,1
2024-11-21 07:30:00,90.01,1
2024-11-21 07:31:00,89.98,1
2024-11-21 07:32:00,89.99,1
2024-11-21 07:33:00,89.96,1
2024-11-21 07:34:00,89.74,1
2024-11-21 07:35:00,89.8,1
2024-11-21 07:36:00,90.0,1
2024-11-21 07:37:00,89.9,1
2024-11-21 07:38:00,89.89,1
2024-11-21 07:39:00,89.76,1
2024-11-21 07:40:00,89.44,1
2024-11-21 07:41:00,89.45,1
2024-11-21 07:42:00,89.2,1
2024-11-21 07:43:00,89.44,1
2024-11-21 07:44:00,89.43,1
2024-11-21 07:45:00,89.45,1
2024-11-21 07:46:00,89.71,1
2024-11-21 07:47:00,89.8,1
2024-11-21 07:48:00,89.75,1
2024-11-21 07:49:00,89.85,1
2024-11-21 07:50:00,89.95,1
2024-11-21 07:51:00,89.88,1
2024-11-21 07:52:00,89.99,1
2024-11-21 07:53:00,90.15,1
2024-11-21 07:54:00,90.1,1
2024-11-21 07:55:00,90.31,1
2024-11-21 07:56:00,90.11,1
2024-11-21 07:57:00,90.01,1
2024-11-21 07:58:00,90.11,1
2024-11-21 07:59:00,89.96,1
2024-11-21 08:00:00,90.11,1
2024-11-21 08:01:00,90.1,1
2024-11-21 08:02:00,90.27,1
2024-11-21 08:03:00,90.22,1
2024-11-21 08:04:00,90.64,1
2024-11-21 08:05:00,90.37,1
2024-11-21 08:06:00,90.16,1
2024-11-21 08:07:00,89.99,1
2024-11-21 08:08:00,89.93,1
2024-11-21 08:09:00,89.99,1
2024-11-21 08:10:00,89.89,1
2024-11-21 08:11:00,89.93,1
2024-11-21 08:12:00,89.85,1
2024-11-21 08:13:00,89.77,1
2024-11-21 08:14:00,89.78,1
2024-11-21 08:15:00,89.73,1
2024-11-21 08:16:00,89.89,1
2024-11-21 08:17:00,89.86,1
2024-11-21 08:18:00,89.9,1
2024-11-21 08:19:00,90.12,1
2024-11-21 08:20:00,89.99,1
2024-11-21 08:21:00,90.03,1
2024-11-21 08:22:00,89.96,1
2024-11-21 08:23:00,89.85,1
2024-11-21 08:24:00,90.13,1
2024-11-21 08:25:00,89.99,1
2024-11-21 08:26:00,90.0,1
2024-11-21 08:27:00,89.97,1
2024-11-21 08:28:00,90.07,1
2024-11-21 08:29:00,89.93,1
2024-11-21 08:30:00,89.99,1
2024-11-21 08:31:00,89.82,1
2024-11-21 08:32:00,90.1,1
2024-11-21 08:33:00,89.95,1
2024-11-21 08:34:00,90.06,1
2024-11-21 08:35:00,90.12,1
2024-11-21 08:36:00,90.19,1
2024-11-21 08:37:00,90.45,1
2024-11-21 08:38:00,90.42,1
2024-11-21 08:39:00,90.38,1
2024-11-21 08:40:00,90.34,1
2024-11-21 08:41:00,90.35,1
2024-11-21 08:42:00,90.27,1
2024-11-21 08:43:00,90.23,1
2024-11-21 08:44:00,90.18,1
2024-11-21 08:45:00,90.27,1
2024-11-21 08:46:00,89.9,1
2024-11-21 08:47:00,90.06,1
2024-11-21 08:48:00,90.04,1
2024-11-21 08:49:00,90.01,1
2024-11-21 08:50:00,90.07,1
2024-11-21 08:51:00,90.09,1
2024-11-21 08:52:00,89.81,1
2024-11-21 08:53:00,89.93,1
2024-11-21 08:54:00,89.88,1
2024-11-21 08:55:00,89.82,1
2024-11-21 08:56:00,89.89,1
2024-11-21 08:57:00,89.83,1
2024-11-21 08:58:00,89.84,1
2024-11-21 08:59:00,89.89,1
2024-11-21 09:00:00,89.91,1
2024-11-21 09:01:00,90.0,1
2024-11-21 09:02:00,90.1,1
2024-11-21 09:03:00,90.09,1
2024-11-21 09:04:00,90.12,1
2024-11-21 09:05:00,90.15,1
2024-11-21 09:06:00,90.32,1
2024-11-21 09:07:00,90.33,1
2024-11-21 09:08:00,90.24,1
2024-11-21 09:09:00,90.34,1
2024-11-21 09:10:00,90.46,1
2024-11-21 09:11:00,90.37,1
2024-11-21 09:12:00,90.49,1
2024-11-21 09:13:00,90.5,1
2024-11-21 09:14:00,90.36,1
2024-11-21 09:15:00,90.2,1
2024-11-21 09:16:00,90.35,1
2024-11-21 09:17:00,90.48,1
2024-11-21 09:18:00,90.43,1
2024-11-21 09:19:00,90.55,1
2024-11-21 09:20:00,90.65,1
2024-11-21 09:21:00,90.39,1
2024-11-21 09:22:00,90.31,1
2024-11-21 09:23:00,90.49,1
2024-11-21 09:24:00,90.59,1
2024-11-21 09:25:00,90.46,1
2024-11-21 09:26:00,90.52,1
2024-11-21 09:27:00,90.42,1
2024-11-21 09:28:00,90.29,1
2024-11-21 09:29:00,90.31,1
2024-11-21 09:30:00,90.18,1
2024-11-21 09:31:00,90.28,1
2024-11-21 09:32:00,90.3,1
2024-11-21 09:33:00,90.42,1
2024-11-21 09:34:00,90.04,1
2024-11-21 09:35:00,90.13,1
2024-11-21 09:36:00,90.24,1
2024-11-21 09:37:00,90.21,1
2024-11-21 09:38:00,90.08,1
2024-11-21 09:39:00,90.1,1
2024-11-21 09:40:00,89.95,1
2024-11-21 09:41:00,90.05,1
2024-11-21 09:42:00,90.02,1
2024-11-21 09:43:00,90.03,1
2024-11-21 09:44:00,89.51,1
2024-11-21 09:45:00,89.51,1
2024-11-21 09:46:00,89.38,1
2024-11-21 09:47:00,89.31,1
2024-11-21 09:48:00,89.34,1
2024-11-21 09:49:00,89.59,1
2024-11-21 09:50:00,89.7,1
2024-11-21 09:51:00,89.58,1
2024-11-21 09:52:00,89.6,1
2024-11-21 09:53:00,89.83,1
2024-11-21 09:54:00,89.79,1
2024-11-21 09:55:00,89.7,1
2024-11-21 09:56:00,89.71,1
2024-11-21 09:57:00,89.29,1
2024-11-21 09:58:00,89.39,1
2024-11-21 09:59:00,89.47,1
2024-11-21 10:00:00,89.44,1
2024-11-21 10:01:00,89.56,1
2024-11-21 10:02:00,89.43,1
2024-11-21 10:03:00,89.24,1
2024-11-21 10:04:00,89.45,1
2024-11-21 10:05:00,89.43,1
2024-11-21 10:06:00,89.51,1
2024-11-21 10:07:00,89.55,1
2024-11-21 10:08:00,89.59,1
2024-11-21 10:09:00,89.66,1
2024-11-21 10:10:00,89.57,1
2024-11-21 10:11:00,89.47,1
2024-11-21 10:12:00,89.33,1
2024-11-21 10:13:00,89.37,1
2024-11-21 10:14:00,89.35,1
2024-11-21 10:15:00,89.37,1
2024-11-21 10:16:00,89.18,1
2024-11-21 10:17:00,89.28,1
2024-11-21 10:18:00,89.33,1
2024-11-21 10:19:00,89.34,1
2024-11-21 10:20:00,89.32,1
2024-11-21 10:21:00,89.27,1
2024-11-21 10:22:00,88.92,1
2024-11-21 10:23:00,88.97,1
2024-11-21 10:24:00,88.93,1
2024-11-21 10:25:00,88.85,1
2024-11-21 10:26:00,88.81,1
2024-11-21 10:27:00,88.64,1
2024-11-21 10:28:00,88.66,1
2024-11-21 10:29:00,88.87,1
2024-11-21 10:30:00,88.73,1
2024-11-21 10:31:00,88.95,1
2024-11-21 10:32:00,89.06,1
2024-11-21 10:33:00,89.04,1
2024-11-21 10:34:00,89.29,1
2024-11-21 10:35:00,89.28,1
2024-11-21 10:36:00,89.29,1
2024-11-21 10:37:00,89.16,1
2024-11-21 10:38:00,89.19,1
2024-11-21 10:39:00,89.17,1
2024-11-21 10:40:00,89.3,1
2024-11-21 10:41:00,89.56,1
2024-11-21 10:42:00,89.81,1
2024-11-21 10:43:00,89.64,1
2024-11-21 10:44:00,89.6,1
2024-11-21 10:45:00,89.66,1
2024-11-21 10:46:00,89.65,1
2024-11-21 10:47:00,89.69,1
2024-11-21 10:48:00,89.54,1
2024-11-21 10:49:00,89.45,1
2024-11-21 10:50:00,89.42,1
2024-11-21 10:51:00,89.34,1
2024-11-21 10:52:00,89.33,1
2024-11-21 10:53:00,89.34,1
2024-11-21 10:54:00,89.38,1
2024-11-21 10:55:00,89.32,1
2024-11-21 10:56:00,89.26,1
2024-11-21 10:57:00,89.21,1
2024-11-21 10:58:00,89.28,1
2024-11-21 10:59:00,89.35,1
2024-11-21 11:00:00,89.31,1
2024-11-21 11:01:00,89.34,1
2024-11-21 11:02:00,89.31,1
2024-11-21 11:03:00,89.41,1
2024-11-21 11:04:00,89.37,1
2024-11-21 11:05:00,89.36,1
2024-11-21 11:06:00,89.33,1
2024-11-21 11:07:00,90.11,1
2024-11-21 11:08:00,90.16,1
2024-11-21 11:09:00,90.24,1
2024-11-21 11:10:00,90.24,1
2024-11-21 11:11:00,90.21,1
2024-11-21 11:12:00,89.83,1
2024-11-21 11:13:00,89.84,1
2024-11-21 11:14:00,89.81,1
2024-11-21 11:15:00,89.91,1
2024-11-21 11:16:00,90.1,1
2024-11-21 11:17:00,90.21,1
2024-11-21 11:18:00,90.1,1
2024-11-21 11:19:00,90.03,1
2024-11-21 11:20:00,89.94,1
2024-11-21 11:21:00,90.04,1
2024-11-21 11:22:00,90.1,1
2024-11-21 11:23:00,90.02,1
2024-11-21 11:24:00,89.91,1
2024-11-21 11:25:00,89.88,1
2024-11-21 11:26:00,89.79,1
2024-11-21 11:27:00,89.85,1
2024-11-21 11:28:00,89.94,1
2024-11-21 11:29:00,90.0,1
2024-11-21 11:30:00,89.98,1
2024-11-21 11:31:00,90.01,1
2024-11-21 11:32:00,89.85,1
2024-11-21 11:33:00,89.87,1
2024-11-21 11:34:00,89.82,1
2024-11-21 11:35:00,89.73,1
2024-11-21 11:36:00,89.63,1
2024-11-21 11:37:00,89.52,1
2024-11-21 11:38:00,89.67,1
2024-11-21 11:39:00,89.72,1
2024-11-21 11:40:00,89.55,1
2024-11-21 11:41:00,89.44,1
2024-11-21 11:42:00,89.48,1
2024-11-21 11:43:00,89.65,1
2024-11-21 11:44:00,89.61,1
2024-11-21 11:45:00,89.68,1
2024-11-21 11:46:00,89.67,1
2024-11-21 11:47:00,89.75,1
2024-11-21 11:48:00,89.65,1
2024-11-21 11:49:00,89.77,1
2024-11-21 11:50:00,89.61,1
2024-11-21 11:51:00,89.69,1
2024-11-21 11:52:00,89.86,1
2024-11-21 11:53:00,89.8,1
2024-11-21 11:54:00,89.94,1
2024-11-21 11:55:00,89.99,1
2024-11-21 11:56:00,89.91,1
2024-11-21 11:57:00,89.83,1
2024-11-21 11:58:00,89.81,1
2024-11-21 11:59:00,89.72,1
2024-11-21 12:00:00,89.75,1
2024-11-21 12:01:00,89.84,1
2024-11-21 12:02:00,89.99,1
2024-11-21 12:03:00,90.25,1
2024-11-21 12:04:00,90.21,1
2024-11-21 12:05:00,90.31,1
2024-11-21 12:06:00,90.44,1
2024-11-21 12:07:00,90.36,1
2024-11-21 12:08:00,90.46,1
2024-11-21 12:09:00,90.48,1
2024-11-21 12:10:00,90.32,1
2024-11-21 12:11:00,90.39,1
2024-11-21 12:12:00,90.47,1
2024-11-21 12:13:00,90.41,1
2024-11-21 12:14:00,90.22,1
2024-11-21 12:15:00,90.11,1
2024-11-21 12:16:00,90.23,1
2024-11-21 12:17:00,90.03,1
2024-11-21 12:18:00,90.02,1
2024-11-21 12:19:00,89.99,1
2024-11-21 12:20:00,90.27,1
2024-11-21 12:21:00,90.38,1
2024-11-21 12:22:00,90.35,1
2024-11-21 12:23:00,90.63,1
2024-11-21 12:24:00,90.84,1
2024-11-21 12:25:00,91.03,1
2024-11-21 12:26:00,90.89,1
2024-11-21 12:27:00,90.71,1
2024-11-21 12:28:00,90.78,1
2024-11-21 12:29:00,90.88,1
2024-11-21 12:30:00,90.74,1
2024-11-21 12:31:00,90.82,1
2024-11-21 12:32:00,90.91,1
2024-11-21 12:33:00,90.98,1
2024-11-21 12:34:00,90.87,1
2024-11-21 12:35:00,90.32,1
2024-11-21 12:36:00,90.6,1
2024-11-21 12:37:00,90.68,1
2024-11-21 12:38:00,90.55,1
2024-11-21 12:39:00,90.44,1
2024-11-21 12:40:00,90.62,1
2024-11-21 12:41:00,90.48,1
2024-11-21 12:42:00,90.33,1
2024-11-21 12:43:00,90.74,1
2024-11-21 12:44:00,90.65,1
2024-11-21 12:45:00,90.61,1
2024-11-21 12:46:00,90.56,1
2024-11-21 12:47:00,90.72,1
2024-11-21 12:48:00,90.8,1
2024-11-21 12:49:00,90.64,1
2024-11-21 12:50:00,90.78,1
2024-11-21 12:51:00,90.52,1
2024-11-21 12:52:00,90.39,1
2024-11-21 12:53:00,90.33,1
2024-11-21 12:54:00,90.32,1
2024-11-21 12:55:00,90.26,1
2024-11-21 12:56:00,90.4,1
2024-11-21 12:57:00,90.47,1
2024-11-21 12:58:00,90.08,1
2024-11-21 12:59:00,89.61,1
2024-11-21 13:00:00,89.42,1
2024-11-21 13:01:00,89.97,1
2024-11-21 13:02:00,90.35,1
2024-11-21 13:03:00,89.82,1
2024-11-21 13:04:00,90.05,1
2024-11-21 13:05:00,89.89,1
2024-11-21 13:06:00,90.16,1
2024-11-21 13:07:00,90.1,1
2024-11-21 13:08:00,90.01,1
2024-11-21 13:09:00,90.0,1
2024-11-21 13:10:00,89.88,1
2024-11-21 13:11:00,90.01,1
2024-11-21 13:12:00,90.17,1
2024-11-21 13:13:00,90.18,1
2024-11-21 13:14:00,90.14,1
2024-11-21 13:15:00,90.17,1
2024-11-21 13:16:00,90.06,1
2024-11-21 13:17:00,89.95,1
2024-11-21 13:18:00,90.03,1
2024-11-21 13:19:00,90.06,1
2024-11-21 13:20:00,89.96,1
2024-11-21 13:21:00,89.91,1
2024-11-21 13:22:00,90.13,1
2024-11-21 13:23:00,90.15,1
2024-11-21 13:24:00,90.1,1
2024-11-21 13:25:00,89.89,1
2024-11-21 13:26:00,90.04,1
2024-11-21 13:27:00,89.69,1
2024-11-21 13:28:00,89.95,1
2024-11-21 13:29:00,89.89,1
2024-11-21 13:30:00,90.04,1
2024-11-21 13:31:00,90.1,1
2024-11-21 13:32:00,90.1,1
2024-11-21 13:33:00,90.31,1
2024-11-21 13:34:00,90.43,1
2024-11-21 13:35:00,90.1,1
2024-11-21 13:36:00,89.96,1
2024-11-21 13:37:00,89.88,1
2024-11-21 13:38:00,89.98,1
2024-11-21 13:39:00,89.83,1
2024-11-21 13:40:00,89.95,1
2024-11-21 13:41:00,90.0,1
2024-11-21 13:42:00,89.97,1
2024-11-21 13:43:00,89.93,1
2024-11-21 13:44:00,89.91,1
2024-11-21 13:45:00,89.64,1
2024-11-21 13:46:00,89.88,1
2024-11-21 13:47:00,89.75,1
2024-11-21 13:48:00,89.57,1
2024-11-21 13:49:00,89.64,1
2024-11-21 13:50:00,89.76,1
2024-11-21 13:51:00,89.78,1
2024-11-21 13:52:00,89.66,1
2024-11-21 13:53:00,89.82,1
2024-11-21 13:54:00,89.78,1
2024-11-21 13:55:00,89.72,1
2024-11-21 13:56:00,89.76,1
2024-11-21 13:57:00,89.73,1
2024-11-21 13:58:00,89.63,1
2024-11-21 13:59:00,89.67,1
2024-11-21 14:00:00,89.69,1
2024-11-21 14:01:00,89.76,1
2024-11-21 14:02:00,89.68,1
2024-11-21 14:03:00,89.63,1
2024-11-21 14:04:00,89.51,1
2024-11-21 14:05:00,89.49,1
2024-11-21 14:06:00,89.71,1
2024-11-21 14:07:00,90.16,1
2024-11-21 14:08:00,90.01,1
2024-11-21 14:09:00,89.87,1
2024-11-21 14:10:00,90.02,1
2024-11-21 14:11:00,90.02,1
2024-11-21 14:12:00,90.09,1
2024-11-21 14:13:00,90.19,1
2024-11-21 14:14:00,90.23,1
2024-11-21 14:15:00,90.41,1
2024-11-21 14:16:00,90.3,1
2024-11-21 14:17:00,90.33,1
2024-11-21 14:18:00,90.4,1
2024-11-21 14:19:00,90.46,1
2024-11-21 14:20:00,90.37,1
2024-11-21 14:21:00,90.6,1
2024-11-21 14:22:00,90.53,1
2024-11-21 14:23:00,90.46,1
2024-11-21 14:24:00,90.46,1
2024-11-21 14:25:00,90.37,1
2024-11-21 14:26:00,90.33,1
2024-11-21 14:27:00,90.48,1
2024-11-21 14:28:00,90.5,1
2024-11-21 14:29:00,90.46,1
2024-11-21 14:30:00,90.32,1
2024-11-21 14:31:00,90.0,1
2024-11-21 14:32:00,90.22,1
2024-11-21 14:33:00,90.13,1
2024-11-21 14:34:00,90.05,1
2024-11-21 14:35:00,89.84,1
2024-11-21 14:36:00,89.4,1
2024-11-21 14:37:00,89.43,1
2024-11-21 14:38:00,89.53,1
2024-11-21 14:39:00,89.29,1
2024-11-21 14:40:00,88.92,1
2024-11-21 14:41:00,89.18,1
2024-11-21 14:42:00,89.35,1
2024-11-21 14:43:00,89.18,1
2024-11-21 14:44:00,89.15,1
2024-11-21 14:45:00,89.16,1
2024-11-21 14:46:00,89.16,1
2024-11-21 14:47:00,89.48,1
2024-11-21 14:48:00,89.6,1
2024-11-21 14:49:00,89.6,1
2024-11-21 14:50:00,89.55,1
2024-11-21 14:51:00,89.8,1
2024-11-21 14:52:00,89.61,1
2024-11-21 14:53:00,89.39,1
2024-11-21 14:54:00,89.15,1
2024-11-21 14:55:00,89.01,1
2024-11-21 14:56:00,89.07,1
2024-11-21 14:57:00,89.47,1
2024-11-21 14:58:00,89.36,1
2024-11-21 14:59:00,89.5,1
2024-11-21 15:00:00,89.47,1
2024-11-21 15:01:00,89.27,1
2024-11-21 15:02:00,89.1,1
2024-11-21 15:03:00,89.04,1
2024-11-21 15:04:00,89.28,1
2024-11-21 15:05:00,89.36,1
2024-11-21 15:06:00,89.15,1
2024-11-21 15:07:00,89.1,1
2024-11-21 15:08:00,88.98,1
2024-11-21 15:09:00,89.07,1
2024-11-21 15:10:00,88.77,1
2024-11-21 15:11:00,88.57,1
2024-11-21 15:12:00,88.34,1
2024-11-21 15:13:00,88.66,1
2024-11-21 15:14:00,88.76,1
2024-11-21 15:15:00,88.8,1
2024-11-21 15:16:00,89.07,1
2024-11-21 15:17:00,89.26,1
2024-11-21 15:18:00,89.07,1
2024-11-21 15:19:00,89.1,1
2024-11-21 15:20:00,88.97,1
2024-11-21 15:21:00,88.85,1
2024-11-21 15:22:00,88.83,1
2024-11-21 15:23:00,88.47,1
2024-11-21 15:24:00,88.12,1
2024-11-21 15:25:00,88.24,1
2024-11-21 15:26:00,87.93,1
2024-11-21 15:27:00,87.81,1
2024-11-21 15:28:00,87.79,1
2024-11-21 15:29:00,87.58,1
2024-11-21 15:30:00,87.51,1
2024-11-21 15:31:00,87.63,1
2024-11-21 15:32:00,87.45,1
2024-11-21 15:33:00,87.14,1
2024-11-21 15:34:00,87.43,1
2024-11-21 15:35:00,87.14,1
2024-11-21 15:36:00,87.66,1
2024-11-21 15:37:00,87.85,1
2024-11-21 15:38:00,87.68,1
2024-11-21 15:39:00,87.54,1
2024-11-21 15:40:00,87.31,1
2024-11-21 15:41:00,87.4,1
2024-11-21 15:42:00,87.49,1
2024-11-21 15:43:00,87.85,1
2024-11-21 15:44:00,87.8,1
2024-11-21 15:45:00,87.8,1
2024-11-21 15:46:00,88.0,1
2024-11-21 15:47:00,88.02,1
2024-11-21 15:48:00,88.13,1
2024-11-21 15:49:00,88.25,1
2024-11-21 15:50:00,88.23,1
2024-11-21 15:51:00,88.09,1
2024-11-21 15:52:00,87.94,1
2024-11-21 15:53:00,87.87,1
2024-11-21 15:54:00,88.02,1
2024-11-21 15:55:00,88.21,1
2024-11-21 15:56:00,88.23,1
2024-11-21 15:57:00,88.26,1
2024-11-21 15:58:00,88.32,1
2024-11-21 15:59:00,88.44,1
2024-11-21 16:00:00,88.4,1
2024-11-21 16:01:00,88.46,1
2024-11-21 16:02:00,88.56,1
2024-11-21 16:03:00,88.56,1
2024-11-21 16:04:00,88.61,1
2024-11-21 16:05:00,88.61,1
2024-11-21 16:06:00,88.7,1
2024-11-21 16:07:00,88.85,1
2024-11-21 16:08:00,88.77,1
2024-11-21 16:09:00,88.46,1
2024-11-21 16:10:00,88.35,1
2024-11-21 16:11:00,88.12,1
2024-11-21 16:12:00,87.85,1
2024-11-21 16:13:00,87.9,1
2024-11-21 16:14:00,87.99,1
2024-11-21 16:15:00,88.06,1
2024-11-21 16:16:00,88.13,1
2024-11-21 16:17:00,88.2,1
2024-11-21 16:18:00,88.19,1
2024-11-21 16:19:00,88.07,1
2024-11-21 16:20:00,88.31,1
2024-11-21 16:21:00,88.3,1
2024-11-21 16:22:00,88.26,1
2024-11-21 16:23:00,88.21,1
2024-11-21 16:24:00,88.32,1
2024-11-21 16:25:00,88.35,1
2024-11-21 16:26:00,88.41,1
2024-11-21 16:27:00,88.48,1
2024-11-21 16:28:00,88.55,1
2024-11-21 16:29:00,88.66,1
2024-11-21 16:30:00,88.6,1
2024-11-21 16:31:00,88.41,1
2024-11-21 16:32:00,88.52,1
2024-11-21 16:33:00,88.45,1
2024-11-21 16:34:00,88.61,1
2024-11-21 16:35:00,88.71,1
2024-11-21 16:36:00,88.56,1
2024-11-21 16:37:00,88.51,1
2024-11-21 16:38:00,88.47,1
2024-11-21 16:39:00,88.4,1
2024-11-21 16:40:00,88.29,1
2024-11-21 16:41:00,88.33,1
2024-11-21 16:42:00,88.32,1
2024-11-21 16:43:00,88.25,1
2024-11-21 16:44:00,88.39,1
2024-11-21 16:45:00,88.49,1
2024-11-21 16:46:00,88.24,1
2024-11-21 16:47:00,88.1,1
2024-11-21 16:48:00,88.08,1
2024-11-21 16:49:00,88.01,1
2024-11-21 16:50:00,88.06,1
2024-11-21 16:51:00,88.08,1
2024-11-21 16:52:00,88.15,1
2024-11-21 16:53:00,88.25,1
2024-11-21 16:54:00,88.2,1
2024-11-21 16:55:00,88.22,1
2024-11-21 16:56:00,88.09,1
2024-11-21 16:57:00,88.18,1
2024-11-21 16:58:00,88.21,1
2024-11-21 16:59:00,88.18,1
2024-11-21 17:00:00,88.2,1
2024-11-21 17:01:00,88.12,1
2024-11-21 17:02:00,88.25,1
2024-11-21 17:03:00,88.18,1
2024-11-21 17:04:00,87.9,1
2024-11-21 17:05:00,87.84,1
2024-11-21 17:06:00,88.02,1
2024-11-21 17:07:00,88.12,1
2024-11-21 17:08:00,88.29,1
2024-11-21 17:09:00,88.19,1
2024-11-21 17:10:00,88.32,1
2024-11-21 17:11:00,88.21,1
2024-11-21 17:12:00,88.2,1
2024-11-21 17:13:00,88.2,1
2024-11-21 17:14:00,88.07,1
2024-11-21 17:15:00,88.18,1
2024-11-21 17:16:00,88.24,1
2024-11-21 17:17:00,88.42,1
2024-11-21 17:18:00,88.57,1
2024-11-21 17:19:00,88.49,1
2024-11-21 17:20:00,88.61,1
2024-11-21 17:21:00,88.68,1
2024-11-21 17:22:00,88.66,1
2024-11-21 17:23:00,88.66,1
2024-11-21 17:24:00,88.71,1
2024-11-21 17:25:00,88.74,1
2024-11-21 17:26:00,88.64,1
2024-11-21 17:27:00,88.63,1
2024-11-21 17:28:00,88.65,1
2024-11-21 17:29:00,88.69,1
2024-11-21 17:30:00,88.93,1
2024-11-21 17:31:00,88.9,1
2024-11-21 17:32:00,89.06,1
2024-11-21 17:33:00,89.2,1
2024-11-21 17:34:00,89.09,1
2024-11-21 17:35:00,89.17,1
2024-11-21 17:36:00,89.11,1
2024-11-21 17:37:00,89.09,1
2024-11-21 17:38:00,89.23,1
2024-11-21 17:39:00,89.18,1
2024-11-21 17:40:00,89.18,1
2024-11-21 17:41:00,89.22,1
2024-11-21 17:42:00,89.19,1
2024-11-21 17:43:00,89.21,1
2024-11-21 17:44:00,89.29,1
2024-11-21 17:45:00,89.23,1
2024-11-21 17:46:00,89.15,1
2024-11-21 17:47:00,89.1,1
2024-11-21 17:48:00,89.11,1
2024-11-21 17:49:00,89.09,1
2024-11-21 17:50:00,89.06,1
2024-11-21 17:51:00,89.08,1
2024-11-21 17:52:00,89.11,1
2024-11-21 17:53:00,89.07,1
2024-11-21 17:54:00,89.03,1
2024-11-21 17:55:00,89.01,1
2024-11-21 17:56:00,88.97,1
2024-11-21 17:57:00,88.94,1
2024-11-21 17:58:00,88.83,1
2024-11-21 17:59:00,88.92,1
2024-11-21 18:00:00,89.19,1
2024-11-21 18:01:00,88.98,1
2024-11-21 18:02:00,89.05,1
2024-11-21 18:03:00,89.15,1
2024-11-21 18:04:00,89.17,1
2024-11-21 18:05:00,89.25,1
2024-11-21 18:06:00,89.25,1
2024-11-21 18:07:00,89.11,1
2024-11-21 18:08:00,89.23,1
2024-11-21 18:09:00,89.35,1
2024-11-21 18:10:00,89.24,1
2024-11-21 18:11:00,89.13,1
2024-11-21 18:12:00,88.97,1
2024-11-21 18:13:00,88.9,1
2024-11-21 18:14:00,88.86,1
2024-11-21 18:15:00,88.96,1
2024-11-21 18:16:00,88.95,1
2024-11-21 18:17:00,88.84,1
2024-11-21 18:18:00,88.93,1
2024-11-21 18:19:00,88.86,1
2024-11-21 18:20:00,88.78,1
2024-11-21 18:21:00,88.87,1
2024-11-21 18:22:00,89.06,1
2024-11-21 18:23:00,89.3,1
2024-11-21 18:24:00,89.33,1
2024-11-21 18:25:00,89.3,1
2024-11-21 18:26:00,89.38,1
2024-11-21 18:27:00,89.39,1
2024-11-21 18:28:00,89.48,1
2024-11-21 18:29:00,89.41,1
2024-11-21 18:30:00,89.5,1
2024-11-21 18:31:00,89.42,1
2024-11-21 18:32:00,89.24,1
2024-11-21 18:33:00,89.44,1
2024-11-21 18:34:00,89.37,1
2024-11-21 18:35:00,89.31,1
2024-11-21 18:36:00,89.34,1
2024-11-21 18:37:00,89.33,1
2024-11-21 18:38:00,89.37,1
2024-11-21 18:39:00,89.39,1
2024-11-21 18:40:00,89.48,1
2024-11-21 18:41:00,89.34,1
2024-11-21 18:42:00,89.23,1
2024-11-21 18:43:00,89.17,1
2024-11-21 18:44:00,89.32,1
2024-11-21 18:45:00,89.22,1
2024-11-21 18:46:00,89.31,1
2024-11-21 18:47:00,89.33,1
2024-11-21 18:48:00,89.39,1
2024-11-21 18:49:00,89.22,1
2024-11-21 18:50:00,89.32,1
2024-11-21 18:51:00,89.38,1
2024-11-21 18:52:00,89.38,1
2024-11-21 18:53:00,89.3,1
2024-11-21 18:54:00,89.25,1
2024-11-21 18:55:00,89.32,1
2024-11-21 18:56:00,89.35,1
2024-11-21 18:57:00,89.45,1
2024-11-21 18:58:00,89.51,1
2024-11-21 18:59:00,89.55,1
2024-11-21 19:00:00,89.55,1
2024-11-21 19:01:00,89.55,1
2024-11-21 19:02:00,89.69,1
2024-11-21 19:03:00,89.73,1
2024-11-21 19:04:00,89.71,1
2024-11-21 19:05:00,89.72,1
2024-11-21 19:06:00,89.63,1
2024-11-21 19:07:00,89.65,1
2024-11-21 19:08:00,89.54,1
2024-11-21 19:09:00,89.51,1
2024-11-21 19:10:00,89.43,1
2024-11-21 19:11:00,89.61,1
2024-11-21 19:12:00,89.59,1
2024-11-21 19:13:00,89.44,1
2024-11-21 19:14:00,89.39,1
2024-11-21 19:15:00,89.54,1
2024-11-21 19:16:00,89.56,1
2024-11-21 19:17:00,89.35,1
2024-11-21 19:18:00,89.11,1
2024-11-21 19:19:00,88.92,1
2024-11-21 19:20:00,88.92,1
2024-11-21 19:21:00,89.06,1
2024-11-21 19:22:00,89.25,1
2024-11-21 19:23:00,89.29,1
2024-11-21 19:24:00,89.24,1
2024-11-21 19:25:00,89.13,1
2024-11-21 19:26:00,89.1,1
2024-11-21 19:27:00,89.03,1
2024-11-21 19:28:00,89.15,1
2024-11-21 19:29:00,89.09,1
2024-11-21 19:30:00,89.3,1
2024-11-21 19:31:00,89.28,1
2024-11-21 19:32:00,89.24,1
2024-11-21 19:33:00,89.25,1
2024-11-21 19:34:00,89.2,1
2024-11-21 19:35:00,89.18,1
2024-11-21 19:36:00,89.27,1
2024-11-21 19:37:00,89.25,1
2024-11-21 19:38:00,89.16,1
2024-11-21 19:39:00,89.02,1
2024-11-21 19:40:00,88.95,1
2024-11-21 19:41:00,88.98,1
2024-11-21 19:42:00,88.99,1
2024-11-21 19:43:00,89.03,1
2024-11-21 19:44:00,89.08,1
2024-11-21 19:45:00,89.13,1
2024-11-21 19:46:00,89.1,1
2024-11-21 19:47:00,89.09,1
2024-11-21 19:48:00,89.15,1
2024-11-21 19:49:00,88.99,1
2024-11-21 19:50:00,89.1,1
2024-11-21 19:51:00,88.89,1
2024-11-21 19:52:00,88.69,1
2024-11-21 19:53:00,88.65,1
2024-11-21 19:54:00,88.73,1
2024-11-21 19:55:00,88.83,1
2024-11-21 19:56:00,88.85,1
2024-11-21 19:57:00,88.71,1
2024-11-21 19:58:00,88.7,1
2024-11-21 19:59:00,88.67,1
2024-11-21 20:00:00,88.7,1
2024-11-21 20:01:00,88.66,1
2024-11-21 20:02:00,88.79,1
2024-11-21 20:03:00,88.83,1
2024-11-21 20:04:00,88.89,1
2024-11-21 20:05:00,88.96,1
2024-11-21 20:06:00,88.93,1
2024-11-21 20:07:00,88.96,1
2024-11-21 20:08:00,88.92,1
2024-11-21 20:09:00,88.98,1
2024-11-21 20:10:00,89.06,1
2024-11-21 20:11:00,89.03,1
2024-11-21 20:12:00,89.0,1
2024-11-21 20:13:00,88.97,1
2024-11-21 20:14:00,89.0,1
2024-11-21 20:15:00,89.03,1
2024-11-21 20:16:00,89.21,1
2024-11-21 20:17:00,89.23,1
2024-11-21 20:18:00,89.2,1
2024-11-21 20:19:00,89.18,1
2024-11-21 20:20:00,89.12,1
2024-11-21 20:21:00,88.98,1
2024-11-21 20:22:00,88.87,1
2024-11-21 20:23:00,88.86,1
2024-11-21 20:24:00,88.91,1
2024-11-21 20:25:00,88.89,1
2024-11-21 20:26:00,88.86,1
2024-11-21 20:27:00,88.87,1
2024-11-21 20:28:00,88.89,1
2024-11-21 20:29:00,88.85,1
2024-11-21 20:30:00,88.89,1
2024-11-21 20:31:00,88.87,1
2024-11-21 20:32:00,88.84,1
2024-11-21 20:33:00,88.86,1
2024-11-21 20:34:00,88.82,1
2024-11-21 20:35:00,88.74,1
2024-11-21 20:36:00,88.75,1
2024-11-21 20:37:00,88.64,1
2024-11-21 20:38:00,88.5,1
2024-11-21 20:39:00,88.34,1
2024-11-21 20:40:00,88.39,1
2024-11-21 20:41:00,88.38,1
2024-11-21 20:42:00,88.36,1
2024-11-21 20:43:00,88.39,1
2024-11-21 20:44:00,88.26,1
2024-11-21 20:45:00,88.3,1
2024-11-21 20:46:00,88.4,1
2024-11-21 20:47:00,88.42,1
2024-11-21 20:48:00,88.41,1
2024-11-21 20:49:00,88.43,1
2024-11-21 20:50:00,88.37,1
2024-11-21 20:51:00,88.43,1
2024-11-21 20:52:00,88.44,1
2024-11-21 20:53:00,88.51,1
2024-11-21 20:54:00,88.61,1
2024-11-21 20:55:00,88.6,1
2024-11-21 20:56:00,88.55,1
2024-11-21 20:57:00,88.55,1
2024-11-21 20:58:00,88.55,1
2024-11-21 20:59:00,88.55,1
2024-11-21 21:00:00,88.42,1
2024-11-21 21:01:00,88.31,1
2024-11-21 21:02:00,88.24,1
2024-11-21 21:03:00,88.17,1
2024-11-21 21:04:00,88.22,1
2024-11-21 21:05:00,88.24,1
2024-11-21 21:06:00,88.22,1
2024-11-21 21:07:00,88.11,1
2024-11-21 21:08:00,88.06,1
2024-11-21 21:09:00,88.1,1
2024-11-21 21:10:00,88.12,1
2024-11-21 21:11:00,88.01,1
2024-11-21 21:12:00,88.13,1
2024-11-21 21:13:00,88.14,1
2024-11-21 21:14:00,88.22,1
2024-11-21 21:15:00,88.22,1
2024-11-21 21:16:00,88.25,1
2024-11-21 21:17:00,88.17,1
2024-11-21 21:18:00,88.01,1
2024-11-21 21:19:00,88.16,1
2024-11-21 21:20:00,88.25,1
2024-11-21 21:21:00,88.36,1
2024-11-21 21:22:00,88.32,1
2024-11-21 21:23:00,88.36,1
2024-11-21 21:24:00,88.36,1
2024-11-21 21:25:00,88.4,1
2024-11-21 21:26:00,88.48,1
2024-11-21 21:27:00,88.47,1
2024-11-21 21:28:00,88.41,1
2024-11-21 21:29:00,88.44,1
2024-11-21 21:30:00,88.43,1
2024-11-21 21:31:00,88.4,1
2024-11-21 21:32:00,88.52,1
2024-11-21 21:33:00,88.46,1
2024-11-21 21:34:00,88.46,1
2024-11-21 21:35:00,88.42,1
2024-11-21 21:36:00,88.42,1
2024-11-21 21:37:00,88.45,1
2024-11-21 21:38:00,88.43,1
2024-11-21 21:39:00,88.33,1
2024-11-21 21:40:00,88.34,1
2024-11-21 21:41:00,88.33,1
2024-11-21 21:42:00,88.21,1
2024-11-21 21:43:00,88.17,1
2024-11-21 21:44:00,88.2,1
2024-11-21 21:45:00,88.18,1
2024-11-21 21:46:00,88.07,1
2024-11-21 21:47:00,88.11,1
2024-11-21 21:48:00,88.15,1
2024-11-21 21:49:00,88.17,1
2024-11-21 21:50:00,88.17,1
2024-11-21 21:51:00,88.19,1
2024-11-21 21:52:00,88.26,1
2024-11-21 21:53:00,88.24,1
2024-11-21 21:54:00,88.37,1
2024-11-21 21:55:00,88.41,1
2024-11-21 21:56:00,88.38,1
2024-11-21 21:57:00,88.4,1
2024-11-21 21:58:00,88.41,1
2024-11-21 21:59:00,88.4,1
2024-11-21 22:00:00,88.45,1
2024-11-21 22:01:00,88.43,1
2024-11-21 22:02:00,88.44,1
2024-11-21 22:03:00,88.44,1
2024-11-21 22:04:00,88.5,1
2024-11-21 22:05:00,88.61,1
2024-11-21 22:06:00,88.59,1
2024-11-21 22:07:00,88.62,1
2024-11-21 22:08:00,88.58,1
2024-11-21 22:09:00,88.63,1
2024-11-21 22:10:00,88.66,1
2024-11-21 22:11:00,88.67,1
2024-11-21 22:12:00,88.73,1
2024-11-21 22:13:00,88.79,1
2024-11-21 22:14:00,88.89,1
2024-11-21 22:15:00,88.99,1
2024-11-21 22:16:00,88.98,1
2024-11-21 22:17:00,89.03,1
2024-11-21 22:18:00,89.1,1
2024-11-21 22:19:00,89.22,1
2024-11-21 22:20:00,89.28,1
2024-11-21 22:21:00,89.22,1
2024-11-21 22:22:00,89.12,1
2024-11-21 22:23:00,89.08,1
2024-11-21 22:24:00,89.11,1
2024-11-21 22:25:00,89.05,1
2024-11-21 22:26:00,89.09,1
2024-11-21 22:27:00,89.05,1
2024-11-21 22:28:00,88.98,1
2024-11-21 22:29:00,89.1,1
2024-11-21 22:30:00,89.01,1
2024-11-21 22:31:00,89.05,1
2024-11-21 22:32:00,89.1,1
2024-11-21 22:33:00,89.1,1
2024-11-21 22:34:00,89.05,1
2024-11-21 22:35:00,89.05,1
2024-11-21 22:36:00,89.27,1
2024-11-21 22:37:00,89.28,1
2024-11-21 22:38:00,89.25,1
2024-11-21 22:39:00,89.2,1
2024-11-21 22:40:00,89.17,1
2024-11-21 22:41:00,89.19,1
2024-11-21 22:42:00,89.14,1
2024-11-21 22:43:00,89.16,1
2024-11-21 22:44:00,89.16,1
2024-11-21 22:45:00,89.19,1
2024-11-21 22:46:00,89.02,1
2024-11-21 22:47:00,89.04,1
2024-11-21 22:48:00,89.04,1
2024-11-21 22:49:00,89.08,1
2024-11-21 22:50:00,89.11,1
2024-11-21 22:51:00,89.15,1
2024-11-21 22:52:00,89.21,1
2024-11-21 22:53:00,89.1,1
2024-11-21 22:54:00,89.11,1
2024-11-21 22:55:00,89.09,1
2024-11-21 22:56:00,89.15,1
2024-11-21 22:57:00,89.12,1
2024-11-21 22:58:00,89.16,1
2024-11-21 22:59:00,89.1,1
2024-11-21 23:00:00,89.07,1
2024-11-21 23:01:00,89.05,1
2024-11-21 23:02:00,89.03,1
2024-11-21 23:03:00,89.05,1
2024-11-21 23:04:00,89.09,1
2024-11-21 23:05:00,89.1,1
2024-11-21 23:06:00,89.04,1
2024-11-21 23:07:00,89.14,1
2024-11-21 23:08:00,89.13,1
2024-11-21 23:09:00,89.05,1
2024-11-21 23:10:00,89.09,1
2024-11-21 23:11:00,89.04,1
2024-11-21 23:12:00,89.22,1
2024-11-21 23:13:00,89.02,1
2024-11-21 23:14:00,88.98,1
2024-11-21 23:15:00,89.04,1
2024-11-21 23:16:00,89.13,1
2024-11-21 23:17:00,88.88,1
2024-11-21 23:18:00,88.86,1
2024-11-21 23:19:00,88.86,1
2024-11-21 23:20:00,88.87,1
2024-11-21 23:21:00,88.84,1
2024-11-21 23:22:00,88.9,1
2024-11-21 23:23:00,88.86,1
2024-11-21 23:24:00,88.82,1
2024-11-21 23:25:00,88.75,1
2024-11-21 23:26:00,88.74,1
2024-11-21 23:27:00,88.78,1
2024-11-21 23:28:00,88.84,1
2024-11-21 23:29:00,88.84,1
2024-11-21 23:30:00,88.97,1
2024-11-21 23:31:00,88.97,1
2024-11-21 23:32:00,89.03,1
2024-11-21 23:33:00,89.12,1
2024-11-21 23:34:00,89.07,1
2024-11-21 23:35:00,89.16,1
2024-11-21 23:36:00,89.21,1
2024-11-21 23:37:00,89.17,1
2024-11-21 23:38:00,89.23,1
2024-11-21 23:39:00,89.3,1
2024-11-21 23:40:00,89.39,1
2024-11-21 23:41:00,89.5,1
2024-11-21 23:42:00,89.46,1
2024-11-21 23:43:00,89.37,1
2024-11-21 23:44:00,89.42,1
2024-11-21 23:45:00,89.49,1
2024-11-21 23:46:00,89.4,1
2024-11-21 23:47:00,89.37,1
2024-11-21 23:48:00,89.33,1
2024-11-21 23:49:00,89.37,1
2024-11-21 23:50:00,89.31,1
2024-11-21 23:51:00,89.37,1
2024-11-21 23:52:00,89.5,1
2024-11-21 23:53:00,89.45,1
2024-11-21 23:54:00,89.52,1
2024-11-21 23:55:00,89.49,1
2024-11-21 23:56:00,89.45,1
2024-11-21 23:57:00,89.48,1
2024-11-21 23:58:00,89.54,1
2024-11-21 23:59:00,89.54,1
2024-11-22 00:00:00,89.51,1
2024-11-22 00:01:00,89.64,1
2024-11-22 00:02:00,89.46,1
2024-11-22 00:03:00,89.67,1
2024-11-22 00:04:00,89.78,1
2024-11-22 00:05:00,89.85,1
2024-11-22 00:06:00,89.76,1
2024-11-22 00:07:00,89.61,1
2024-11-22 00:08:00,89.68,1
2024-11-22 00:09:00,89.77,1
2024-11-22 00:10:00,89.88,1
2024-11-22 00:11:00,89.94,1
2024-11-22 00:12:00,89.73,1
2024-11-22 00:13:00,89.8,1
2024-11-22 00:14:00,89.81,1
2024-11-22 00:15:00,89.73,1
2024-11-22 00:16:00,89.69,1
2024-11-22 00:17:00,89.89,1
2024-11-22 00:18:00,89.48,1
2024-11-22 00:19:00,89.59,1
2024-11-22 00:20:00,89.57,1
2024-11-22 00:21:00,89.48,1
2024-11-22 00:22:00,89.22,1
2024-11-22 00:23:00,89.35,1
2024-11-22 00:24:00,89.39,1
2024-11-22 00:25:00,89.44,1
2024-11-22 00:26:00,89.43,1
2024-11-22 00:27:00,89.45,1
2024-11-22 00:28:00,89.66,1
2024-11-22 00:29:00,89.7,1
2024-11-22 00:30:00,89.9,1
2024-11-22 00:31:00,89.52,1
2024-11-22 00:32:00,89.22,1
2024-11-22 00:33:00,89.06,1
2024-11-22 00:34:00,89.05,1
2024-11-22 00:35:00,88.95,1
2024-11-22 00:36:00,89.1,1
2024-11-22 00:37:00,89.15,1
2024-11-22 00:38:00,89.41,1
2024-11-22 00:39:00,89.04,1
2024-11-22 00:40:00,89.05,1
2024-11-22 00:41:00,88.87,1
2024-11-22 00:42:00,88.75,1
2024-11-22 00:43:00,88.78,1
2024-11-22 00:44:00,88.73,1
2024-11-22 00:45:00,88.77,1
2024-11-22 00:46:00,88.58,1
2024-11-22 00:47:00,88.76,1
2024-11-22 00:48:00,88.83,1
2024-11-22 00:49:00,88.99,1
2024-11-22 00:50:00,88.99,1
2024-11-22 00:51:00,89.2,1
2024-11-22 00:52:00,89.39,1
2024-11-22 00:53:00,89.36,1
2024-11-22 00:54:00,89.36,1
2024-11-22 00:55:00,89.09,1
2024-11-22 00:56:00,89.12,1
2024-11-22 00:57:00,89.37,1
2024-11-22 00:58:00,89.24,1
2024-11-22 00:59:00,89.27,1
2024-11-22 01:00:00,89.31,1
2024-11-22 01:01:00,89.2,1
2024-11-22 01:02:00,88.87,1
2024-11-22 01:03:00,88.92,1
2024-11-22 01:04:00,89.19,1
2024-11-22 01:05:00,89.18,1
2024-11-22 01:06:00,89.13,1
2024-11-22 01:07:00,89.35,1
2024-11-22 01:08:00,89.33,1
2024-11-22 01:09:00,89.45,1
2024-11-22 01:10:00,89.56,1
2024-11-22 01:11:00,89.46,1
2024-11-22 01:12:00,89.47,1
2024-11-22 01:13:00,89.58,1
2024-11-22 01:14:00,89.67,1
2024-11-22 01:15:00,90.14,1
2024-11-22 01:16:00,89.84,1
2024-11-22 01:17:00,90.0,1
2024-11-22 01:18:00,89.9,1
2024-11-22 01:19:00,89.98,1
2024-11-22 01:20:00,90.26,1
2024-11-22 01:21:00,90.09,1
2024-11-22 01:22:00,90.02,1
2024-11-22 01:23:00,90.02,1
2024-11-22 01:24:00,90.04,1
2024-11-22 01:25:00,90.03,1
2024-11-22 01:26:00,89.94,1
2024-11-22 01:27:00,89.72,1
2024-11-22 01:28:00,89.98,1
2024-11-22 01:29:00,90.11,1
2024-11-22 01:30:00,90.06,1
2024-11-22 01:31:00,90.12,1
2024-11-22 01:32:00,89.59,1
2024-11-22 01:33:00,89.61,1
2024-11-22 01:34:00,89.65,1
2024-11-22 01:35:00,89.46,1
2024-11-22 01:36:00,89.47,1
2024-11-22 01:37:00,89.46,1
2024-11-22 01:38:00,89.61,1
2024-11-22 01:39:00,89.8,1
2024-11-22 01:40:00,89.99,1
2024-11-22 01:41:00,89.94,1
2024-11-22 01:42:00,89.93,1
2024-11-22 01:43:00,89.97,1
2024-11-22 01:44:00,90.44,1
2024-11-22 01:45:00,90.38,1
2024-11-22 01:46:00,90.4,1
2024-11-22 01:47:00,90.57,1
2024-11-22 01:48:00,90.34,1
2024-11-22 01:49:00,90.4,1
2024-11-22 01:50:00,90.35,1
2024-11-22 01:51:00,90.25,1
2024-11-22 01:52:00,90.26,1
2024-11-22 01:53:00,90.05,1
2024-11-22 01:54:00,90.5,1
2024-11-22 01:55:00,90.52,1
2024-11-22 01:56:00,90.59,1
2024-11-22 01:57:00,90.58,1
2024-11-22 01:58:00,90.61,1
2024-11-22 01:59:00,90.74,1
2024-11-22 02:00:00,90.9,1
2024-11-22 02:01:00,91.08,1
2024-11-22 02:02:00,90.95,1
2024-11-22 02:03:00,90.73,1
2024-11-22 02:04:00,90.87,1
2024-11-22 02:05:00,91.19,1
2024-11-22 02:06:00,90.86,1
2024-11-22 02:07:00,90.68,1
2024-11-22 02:08:00,90.81,1
2024-11-22 02:09:00,90.67,1
2024-11-22 02:10:00,90.89,1
2024-11-22 02:11:00,90.86,1
2024-11-22 02:12:00,91.01,1
2024-11-22 02:13:00,90.81,1
2024-11-22 02:14:00,91.0,1
2024-11-22 02:15:00,91.0,1
2024-11-22 02:16:00,91.17,1
2024-11-22 02:17:00,91.08,1
2024-11-22 02:18:00,91.02,1
2024-11-22 02:19:00,91.07,1
2024-11-22 02:20:00,90.94,1
2024-11-22 02:21:00,91.02,1
2024-11-22 02:22:00,90.93,1
2024-11-22 02:23:00,90.96,1
2024-11-22 02:24:00,90.59,1
2024-11-22 02:25:00,90.56,1
2024-11-22 02:26:00,90.57,1
2024-11-22 02:27:00,90.59,1
2024-11-22 02:28:00,90.35,1
2024-11-22 02:29:00,90.4,1
2024-11-22 02:30:00,90.43,1
2024-11-22 02:31:00,90.54,1
2024-11-22 02:32:00,90.34,1
2024-11-22 02:33:00,90.35,1
2024-11-22 02:34:00,90.2,1
2024-11-22 02:35:00,90.02,1
2024-11-22 02:36:00,90.06,1
2024-11-22 02:37:00,90.05,1
2024-11-22 02:38:00,90.24,1
2024-11-22 02:39:00,90.13,1
2024-11-22 02:40:00,90.09,1
2024-11-22 02:41:00,89.88,1
2024-11-22 02:42:00,90.01,1
2024-11-22 02:43:00,90.0,1
2024-11-22 02:44:00,89.77,1
2024-11-22 02:45:00,89.75,1
2024-11-22 02:46:00,89.73,1
2024-11-22 02:47:00,89.53,1
2024-11-22 02:48:00,89.59,1
2024-11-22 02:49:00,89.61,1
2024-11-22 02:50:00,89.86,1
2024-11-22 02:51:00,90.13,1
2024-11-22 02:52:00,90.15,1
2024-11-22 02:53:00,90.01,1
2024-11-22 02:54:00,90.05,1
2024-11-22 02:55:00,89.99,1
2024-11-22 02:56:00,90.07,1
2024-11-22 02:57:00,90.08,1
2024-11-22 02:58:00,90.0,1
2024-11-22 02:59:00,90.01,1
2024-11-22 03:00:00,89.98,1
2024-11-22 03:01:00,90.06,1
2024-11-22 03:02:00,90.09,1
2024-11-22 03:03:00,89.96,1
2024-11-22 03:04:00,90.13,1
2024-11-22 03:05:00,90.17,1
2024-11-22 03:06:00,90.27,1
2024-11-22 03:07:00,90.19,1
2024-11-22 03:08:00,90.27,1
2024-11-22 03:09:00,90.5,1
2024-11-22 03:10:00,90.38,1
2024-11-22 03:11:00,90.43,1
2024-11-22 03:12:00,90.48,1
2024-11-22 03:13:00,90.45,1
2024-11-22 03:14:00,89.92,1
2024-11-22 03:15:00,89.99,1
2024-11-22 03:16:00,89.79,1
2024-11-22 03:17:00,89.98,1
2024-11-22 03:18:00,89.89,1
2024-11-22 03:19:00,90.11,1
2024-11-22 03:20:00,89.96,1
2024-11-22 03:21:00,89.93,1
2024-11-22 03:22:00,90.08,1
2024-11-22 03:23:00,90.09,1
2024-11-22 03:24:00,90.02,1
2024-11-22 03:25:00,90.11,1
2024-11-22 03:26:00,90.33,1
2024-11-22 03:27:00,90.31,1
2024-11-22 03:28:00,90.38,1
2024-11-22 03:29:00,90.4,1
2024-11-22 03:30:00,90.28,1
2024-11-22 03:31:00,90.24,1
2024-11-22 03:32:00,90.22,1
2024-11-22 03:33:00,90.11,1
2024-11-22 03:34:00,90.13,1
2024-11-22 03:35:00,89.94,1
2024-11-22 03:36:00,90.06,1
2024-11-22 03:37:00,90.11,1
2024-11-22 03:38:00,90.03,1
2024-11-22 03:39:00,89.91,1
2024-11-22 03:40:00,89.88,1
2024-11-22 03:41:00,89.82,1
2024-11-22 03:42:00,89.97,1
2024-11-22 03:43:00,89.98,1
2024-11-22 03:44:00,89.91,1
2024-11-22 03:45:00,89.96,1
2024-11-22 03:46:00,90.12,1
2024-11-22 03:47:00,90.09,1
2024-11-22 03:48:00,90.04,1
2024-11-22 03:49:00,89.96,1
2024-11-22 03:50:00,89.8,1
2024-11-22 03:51:00,89.91,1
2024-11-22 03:52:00,89.95,1
2024-11-22 03:53:00,89.97,1
2024-11-22 03:54:00,90.03,1
2024-11-22 03:55:00,90.04,1
2024-11-22 03:56:00,89.99,1
2024-11-22 03:57:00,90.04,1
2024-11-22 03:58:00,90.07,1
2024-11-22 03:59:00,90.13,1
2024-11-22 04:00:00,90.0,1
2024-11-22 04:01:00,90.07,1
2024-11-22 04:02:00,89.94,1
2024-11-22 04:03:00,90.06,1
2024-11-22 04:04:00,89.9,1
2024-11-22 04:05:00,89.98,1
2024-11-22 04:06:00,89.93,1
2024-11-22 04:07:00,89.98,1
2024-11-22 04:08:00,90.07,1
2024-11-22 04:09:00,90.14,1
2024-11-22 04:10:00,90.23,1
2024-11-22 04:11:00,90.36,1
2024-11-22 04:12:00,90.2,1
2024-11-22 04:13:00,90.08,1
2024-11-22 04:14:00,90.0,1
2024-11-22 04:15:00,89.97,1
2024-11-22 04:16:00,89.94,1
2024-11-22 04:17:00,89.93,1
2024-11-22 04:18:00,90.13,1
2024-11-22 04:19:00,90.33,1
2024-11-22 04:20:00,90.2,1
2024-11-22 04:21:00,90.28,1
2024-11-22 04:22:00,90.42,1
2024-11-22 04:23:00,90.3,1
2024-11-22 04:24:00,90.27,1
2024-11-22 04:25:00,90.38,1
2024-11-22 04:26:00,90.39,1
2024-11-22 04:27:00,90.45,1
2024-11-22 04:28:00,90.35,1
2024-11-22 04:29:00,90.34,1
2024-11-22 04:30:00,90.35,1
2024-11-22 04:31:00,90.52,1
2024-11-22 04:32:00,90.62,1
2024-11-22 04:33:00,90.69,1
2024-11-22 04:34:00,90.63,1
2024-11-22 04:35:00,90.64,1
2024-11-22 04:36:00,90.8,1
2024-11-22 04:37:00,91.1,1
2024-11-22 04:38:00,91.08,1
2024-11-22 04:39:00,90.97,1
2024-11-22 04:40:00,91.04,1
2024-11-22 04:41:00,91.41,1
2024-11-22 04:42:00,91.28,1
2024-11-22 04:43:00,91.26,1
2024-11-22 04:44:00,91.2,1
2024-11-22 04:45:00,91.32,1
2024-11-22 04:46:00,91.35,1
2024-11-22 04:47:00,91.21,1
2024-11-22 04:48:00,91.11,1
2024-11-22 04:49:00,91.17,1
2024-11-22 04:50:00,91.04,1
2024-11-22 04:51:00,90.97,1
2024-11-22 04:52:00,90.9,1
2024-11-22 04:53:00,90.98,1
2024-11-22 04:54:00,90.81,1
2024-11-22 04:55:00,90.8,1
2024-11-22 04:56:00,90.59,1
2024-11-22 04:57:00,90.46,1
2024-11-22 04:58:00,90.31,1
2024-11-22 04:59:00,90.3,1
2024-11-22 05:00:00,90.4,1
2024-11-22 05:01:00,90.29,1
2024-11-22 05:02:00,90.31,1
2024-11-22 05:03:00,90.26,1
2024-11-22 05:04:00,90.15,1
2024-11-22 05:05:00,90.46,1
2024-11-22 05:06:00,90.41,1
2024-11-22 05:07:00,90.42,1
2024-11-22 05:08:00,90.57,1
2024-11-22 05:09:00,90.72,1
2024-11-22 05:10:00,90.7,1
2024-11-22 05:11:00,90.57,1
2024-11-22 05:12:00,90.64,1
2024-11-22 05:13:00,90.54,1
2024-11-22 05:14:00,90.58,1
2024-11-22 05:15:00,90.61,1
2024-11-22 05:16:00,90.36,1
2024-11-22 05:17:00,90.36,1
2024-11-22 05:18:00,90.38,1
2024-11-22 05:19:00,90.35,1
2024-11-22 05:20:00,90.25,1
2024-11-22 05:21:00,90.24,1
2024-11-22 05:22:00,90.33,1
2024-11-22 05:23:00,90.37,1
2024-11-22 05:24:00,90.43,1
2024-11-22 05:25:00,90.44,1
2024-11-22 05:26:00,90.42,1
2024-11-22 05:27:00,90.39,1
2024-11-22 05:28:00,90.41,1
2024-11-22 05:29:00,90.28,1
2024-11-22 05:30:00,90.26,1
2024-11-22 05:31:00,90.32,1
2024-11-22 05:32:00,90.4,1
2024-11-22 05:33:00,90.48,1
2024-11-22 05:34:00,90.45,1
2024-11-22 05:35:00,90.49,1
2024-11-22 05:36:00,90.89,1
2024-11-22 05:37:00,90.89,1
2024-11-22 05:38:00,90.96,1
2024-11-22 05:39:00,91.03,1
2024-11-22 05:40:00,90.95,1
2024-11-22 05:41:00,91.0,1
2024-11-22 05:42:00,90.98,1
2024-11-22 05:43:00,91.05,1
2024-11-22 05:44:00,91.15,1
2024-11-22 05:45:00,91.16,1
2024-11-22 05:46:00,91.09,1
2024-11-22 05:47:00,91.06,1
2024-11-22 05:48:00,90.93,1
2024-11-22 05:49:00,90.93,1
2024-11-22 05:50:00,91.09,1
2024-11-22 05:51:00,90.98,1
2024-11-22 05:52:00,90.94,1
2024-11-22 05:53:00,90.9,1
2024-11-22 05:54:00,90.88,1
2024-11-22 05:55:00,90.92,1
2024-11-22 05:56:00,90.87,1
2024-11-22 05:57:00,90.86,1
2024-11-22 05:58:00,91.02,1
2024-11-22 05:59:00,90.97,1
2024-11-22 06:00:00,90.97,1
2024-11-22 06:01:00,90.93,1
2024-11-22 06:02:00,90.97,1
2024-11-22 06:03:00,90.86,1
2024-11-22 06:04:00,90.91,1
2024-11-22 06:05:00,90.92,1
2024-11-22 06:06:00,90.86,1
2024-11-22 06:07:00,90.85,1
2024-11-22 06:08:00,90.84,1
2024-11-22 06:09:00,90.8,1
2024-11-22 06:10:00,90.9,1
2024-11-22 06:11:00,90.79,1
2024-11-22 06:12:00,90.78,1
2024-11-22 06:13:00,90.81,1
2024-11-22 06:14:00,90.8,1
2024-11-22 06:15:00,90.83,1
2024-11-22 06:16:00,90.89,1
2024-11-22 06:17:00,90.96,1
2024-11-22 06:18:00,91.03,1
2024-11-22 06:19:00,90.95,1
2024-11-22 06:20:00,90.77,1
2024-11-22 06:21:00,90.67,1
2024-11-22 06:22:00,90.6,1
2024-11-22 06:23:00,90.37,1
2024-11-22 06:24:00,90.23,1
2024-11-22 06:25:00,90.28,1
2024-11-22 06:26:00,90.29,1
2024-11-22 06:27:00,90.24,1
2024-11-22 06:28:00,90.19,1
2024-11-22 06:29:00,90.15,1
2024-11-22 06:30:00,90.08,1
2024-11-22 06:31:00,90.07,1
2024-11-22 06:32:00,90.03,1
2024-11-22 06:33:00,89.89,1
2024-11-22 06:34:00,89.91,1
2024-11-22 06:35:00,89.78,1
2024-11-22 06:36:00,89.79,1
2024-11-22 06:37:00,89.77,1
2024-11-22 06:38:00,89.71,1
2024-11-22 06:39:00,89.58,1
2024-11-22 06:40:00,89.67,1
2024-11-22 06:41:00,89.52,1
2024-11-22 06:42:00,89.41,1
2024-11-22 06:43:00,89.56,1
2024-11-22 06:44:00,89.53,1
2024-11-22 06:45:00,89.57,1
2024-11-22 06:46:00,89.44,1
2024-11-22 06:47:00,89.55,1
2024-11-22 06:48:00,89.58,1
2024-11-22 06:49:00,89.8,1
2024-11-22 06:50:00,89.86,1
2024-11-22 06:51:00,89.77,1
2024-11-22 06:52:00,89.8,1
2024-11-22 06:53:00,89.87,1
2024-11-22 06:54:00,89.93,1
2024-11-22 06:55:00,90.1,1
2024-11-22 06:56:00,90.09,1
2024-11-22 06:57:00,90.09,1
2024-11-22 06:58:00,90.15,1
2024-11-22 06:59:00,90.22,1
2024-11-22 07:00:00,90.17,1
2024-11-22 07:01:00,90.04,1
2024-11-22 07:02:00,90.05,1
2024-11-22 07:03:00,90.01,1
2024-11-22 07:04:00,89.87,1
2024-11-22 07:05:00,89.92,1
2024-11-22 07:06:00,89.9,1
2024-11-22 07:07:00,90.02,1
2024-11-22 07:08:00,89.95,1
2024-11-22 07:09:00,89.92,1
2024-11-22 07:10:00,90.06,1
2024-11-22 07:11:00,90.13,1
2024-11-22 07:12:00,90.12,1
2024-11-22 07:13:00,90.12,1
2024-11-22 07:14:00,90.15,1
2024-11-22 07:15:00,90.24,1
2024-11-22 07:16:00,90.15,1
2024-11-22 07:17:00,90.3,1
2024-11-22 07:18:00,90.28,1
2024-11-22 07:19:00,90.23,1
2024-11-22 07:20:00,90.15,1
2024-11-22 07:21:00,89.84,1
2024-11-22 07:22:00,89.77,1
2024-11-22 07:23:00,89.82,1
2024-11-22 07:24:00,89.86,1
2024-11-22 07:25:00,89.88,1
2024-11-22 07:26:00,89.93,1
2024-11-22 07:27:00,89.98,1
2024-11-22 07:28:00,90.04,1
2024-11-22 07:29:00,90.0,1
2024-11-22 07:30:00,90.07,1
2024-11-22 07:31:00,90.24,1
2024-11-22 07:32:00,90.23,1
2024-11-22 07:33:00,89.9,1
2024-11-22 07:34:00,89.81,1
2024-11-22 07:35:00,89.89,1
2024-11-22 07:36:00,89.85,1
2024-11-22 07:37:00,89.89,1
2024-11-22 07:38:00,89.99,1
2024-11-22 07:39:00,89.98,1
2024-11-22 07:40:00,89.93,1
2024-11-22 07:41:00,89.92,1
2024-11-22 07:42:00,89.9,1
2024-11-22 07:43:00,89.8,1
2024-11-22 07:44:00,89.81,1
2024-11-22 07:45:00,89.73,1
2024-11-22 07:46:00,89.75,1
2024-11-22 07:47:00,89.68,1
2024-11-22 07:48:00,89.6,1
2024-11-22 07:49:00,89.49,1
2024-11-22 07:50:00,89.6,1
2024-11-22 07:51:00,89.43,1
2024-11-22 07:52:00,89.43,1
2024-11-22 07:53:00,89.38,1
2024-11-22 07:54:00,89.35,1
2024-11-22 07:55:00,89.28,1
2024-11-22 07:56:00,89.22,1
2024-11-22 07:57:00,89.26,1
2024-11-22 07:58:00,89.15,1
2024-11-22 07:59:00,89.1,1
2024-11-22 08:00:00,89.21,1
2024-11-22 08:01:00,89.43,1
2024-11-22 08:02:00,89.42,1
2024-11-22 08:03:00,89.41,1
2024-11-22 08:04:00,89.43,1
2024-11-22 08:05:00,89.49,1
2024-11-22 08:06:00,89.43,1
2024-11-22 08:07:00,89.43,1
2024-11-22 08:08:00,89.41,1
2024-11-22 08:09:00,89.51,1
2024-11-22 08:10:00,89.62,1
2024-11-22 08:11:00,89.5,1
2024-11-22 08:12:00,89.62,1
2024-11-22 08:13:00,89.67,1
2024-11-22 08:14:00,89.72,1
2024-11-22 08:15:00,89.8,1
2024-11-22 08:16:00,89.82,1
2024-11-22 08:17:00,89.78,1
2024-11-22 08:18:00,89.74,1
2024-11-22 08:19:00,89.72,1
2024-11-22 08:20:00,89.73,1
2024-11-22 08:21:00,89.7,1
2024-11-22 08:22:00,89.63,1
2024-11-22 08:23:00,89.62,1
2024-11-22 08:24:00,89.67,1
2024-11-22 08:25:00,89.74,1
2024-11-22 08:26:00,89.79,1
2024-11-22 08:27:00,89.75,1
2024-11-22 08:28:00,89.77,1
2024-11-22 08:29:00,89.83,1
2024-11-22 08:30:00,89.78,1
2024-11-22 08:31:00,89.79,1
2024-11-22 08:32:00,89.91,1
2024-11-22 08:33:00,89.9,1
2024-11-22 08:34:00,89.8,1
2024-11-22 08:35:00,89.76,1
2024-11-22 08:36:00,89.87,1
2024-11-22 08:37:00,89.84,1
2024-11-22 08:38:00,89.86,1
2024-11-22 08:39:00,89.86,1
2024-11-22 08:40:00,89.82,1
2024-11-22 08:41:00,89.92,1
2024-11-22 08:42:00,89.93,1
2024-11-22 08:43:00,89.91,1
2024-11-22 08:44:00,89.9,1
2024-11-22 08:45:00,89.88,1
2024-11-22 08:46:00,89.88,1
2024-11-22 08:47:00,89.8,1
2024-11-22 08:48:00,89.88,1
2024-11-22 08:49:00,89.93,1
2024-11-22 08:50:00,89.9,1
2024-11-22 08:51:00,89.98,1
2024-11-22 08:52:00,89.99,1
2024-11-22 08:53:00,90.21,1
2024-11-22 08:54:00,90.3,1
2024-11-22 08:55:00,90.35,1
2024-11-22 08:56:00,90.52,1
2024-11-22 08:57:00,90.39,1
2024-11-22 08:58:00,90.37,1
2024-11-22 08:59:00,90.36,1
2024-11-22 09:00:00,90.29,1
2024-11-22 09:01:00,90.18,1
2024-11-22 09:02:00,90.21,1
2024-11-22 09:03:00,90.29,1
2024-11-22 09:04:00,90.18,1
2024-11-22 09:05:00,90.26,1
2024-11-22 09:06:00,90.32,1
2024-11-22 09:07:00,90.22,1
2024-11-22 09:08:00,90.27,1
2024-11-22 09:09:00,90.21,1
2024-11-22 09:10:00,90.12,1
2024-11-22 09:11:00,90.29,1
2024-11-22 09:12:00,90.28,1
2024-11-22 09:13:00,90.43,1
2024-11-22 09:14:00,90.5,1
2024-11-22 09:15:00,90.72,1
2024-11-22 09:16:00,90.64,1
2024-11-22 09:17:00,90.55,1
2024-11-22 09:18:00,90.68,1
2024-11-22 09:19:00,90.57,1
2024-11-22 09:20:00,90.49,1
2024-11-22 09:21:00,90.49,1
2024-11-22 09:22:00,90.4,1
2024-11-22 09:23:00,90.36,1
2024-11-22 09:24:00,90.39,1
2024-11-22 09:25:00,90.33,1
2024-11-22 09:26:00,90.16,1
2024-11-22 09:27:00,90.21,1
2024-11-22 09:28:00,90.14,1
2024-11-22 09:29:00,89.96,1
2024-11-22 09:30:00,89.94,1
2024-11-22 09:31:00,89.91,1
2024-11-22 09:32:00,90.03,1
2024-11-22 09:33:00,89.95,1
2024-11-22 09:34:00,90.07,1
2024-11-22 09:35:00,90.15,1
2024-11-22 09:36:00,90.47,1
2024-11-22 09:37:00,90.71,1
2024-11-22 09:38:00,90.6,1
2024-11-22 09:39:00,90.66,1
2024-11-22 09:40:00,90.59,1
2024-11-22 09:41:00,90.52,1
2024-11-22 09:42:00,90.75,1
2024-11-22 09:43:00,90.61,1
2024-11-22 09:44:00,90.59,1
2024-11-22 09:45:00,90.65,1
2024-11-22 09:46:00,90.82,1
2024-11-22 09:47:00,90.76,1
2024-11-22 09:48:00,90.71,1
2024-11-22 09:49:00,90.79,1
2024-11-22 09:50:00,90.75,1
2024-11-22 09:51:00,90.67,1
2024-11-22 09:52:00,90.68,1
2024-11-22 09:53:00,90.6,1
2024-11-22 09:54:00,90.47,1
2024-11-22 09:55:00,90.55,1
2024-11-22 09:56:00,90.67,1
2024-11-22 09:57:00,90.58,1
2024-11-22 09:58:00,90.63,1
2024-11-22 09:59:00,90.65,1
2024-11-22 10:00:00,90.55,1
2024-11-22 10:01:00,90.94,1
2024-11-22 10:02:00,90.8,1
2024-11-22 10:03:00,90.86,1
2024-11-22 10:04:00,90.8,1
2024-11-22 10:05:00,90.86,1
2024-11-22 10:06:00,90.72,1
2024-11-22 10:07:00,90.6,1
2024-11-22 10:08:00,90.68,1
2024-11-22 10:09:00,90.67,1
2024-11-22 10:10:00,90.6,1
2024-11-22 10:11:00,90.41,1
2024-11-22 10:12:00,90.33,1
2024-11-22 10:13:00,90.24,1
2024-11-22 10:14:00,90.1,1
2024-11-22 10:15:00,90.16,1
2024-11-22 10:16:00,90.14,1
2024-11-22 10:17:00,90.2,1
2024-11-22 10:18:00,90.03,1
2024-11-22 10:19:00,90.15,1
2024-11-22 10:20:00,90.17,1
2024-11-22 10:21:00,90.02,1
2024-11-22 10:22:00,89.91,1
2024-11-22 10:23:00,89.72,1
2024-11-22 10:24:00,89.71,1
2024-11-22 10:25:00,89.87,1
2024-11-22 10:26:00,89.96,1
2024-11-22 10:27:00,90.08,1
2024-11-22 10:28:00,89.97,1
2024-11-22 10:29:00,89.86,1
2024-11-22 10:30:00,89.59,1
2024-11-22 10:31:00,89.59,1
2024-11-22 10:32:00,89.81,1
2024-11-22 10:33:00,90.0,1
2024-11-22 10:34:00,89.78,1
2024-11-22 10:35:00,89.79,1
2024-11-22 10:36:00,89.81,1
2024-11-22 10:37:00,89.88,1
2024-11-22 10:38:00,90.01,1
2024-11-22 10:39:00,90.04,1
2024-11-22 10:40:00,90.16,1
2024-11-22 10:41:00,90.1,1
2024-11-22 10:42:00,90.02,1
2024-11-22 10:43:00,90.05,1
2024-11-22 10:44:00,90.08,1
2024-11-22 10:45:00,90.01,1
2024-11-22 10:46:00,89.93,1
2024-11-22 10:47:00,89.73,1
2024-11-22 10:48:00,89.74,1
2024-11-22 10:49:00,89.61,1
2024-11-22 10:50:00,89.7,1
2024-11-22 10:51:00,89.64,1
2024-11-22 10:52:00,89.57,1
2024-11-22 10:53:00,89.62,1
2024-11-22 10:54:00,89.64,1
2024-11-22 10:55:00,89.7,1
2024-11-22 10:56:00,89.73,1
2024-11-22 10:57:00,89.76,1
2024-11-22 10:58:00,89.74,1
2024-11-22 10:59:00,89.58,1
2024-11-22 11:00:00,89.52,1
2024-11-22 11:01:00,89.29,1
2024-11-22 11:02:00,89.32,1
2024-11-22 11:03:00,89.15,1
2024-11-22 11:04:00,89.45,1
2024-11-22 11:05:00,89.59,1
2024-11-22 11:06:00,89.64,1
2024-11-22 11:07:00,89.69,1
2024-11-22 11:08:00,89.72,1
2024-11-22 11:09:00,89.65,1
2024-11-22 11:10:00,89.62,1
2024-11-22 11:11:00,89.69,1
2024-11-22 11:12:00,89.67,1
2024-11-22 11:13:00,89.68,1
2024-11-22 11:14:00,89.79,1
2024-11-22 11:15:00,89.81,1
2024-11-22 11:16:00,89.89,1
2024-11-22 11:17:00,89.66,1
2024-11-22 11:18:00,89.83,1
2024-11-22 11:19:00,89.97,1
2024-11-22 11:20:00,89.98,1
2024-11-22 11:21:00,90.11,1
2024-11-22 11:22:00,90.12,1
2024-11-22 11:23:00,90.15,1
2024-11-22 11:24:00,90.17,1
2024-11-22 11:25:00,90.22,1
2024-11-22 11:26:00,90.3,1
2024-11-22 11:27:00,90.4,1
2024-11-22 11:28:00,90.48,1
2024-11-22 11:29:00,90.57,1
2024-11-22 11:30:00,90.5,1
2024-11-22 11:31:00,90.67,1
2024-11-22 11:32:00,90.91,1
2024-11-22 11:33:00,91.12,1
2024-11-22 11:34:00,91.3,1
2024-11-22 11:35:00,91.42,1
2024-11-22 11:36:00,91.33,1
2024-11-22 11:37:00,91.2,1
2024-11-22 11:38:00,91.25,1
2024-11-22 11:39:00,91.85,1
2024-11-22 11:40:00,91.74,1
2024-11-22 11:41:00,91.78,1
2024-11-22 11:42:00,91.69,1
2024-11-22 11:43:00,91.69,1
2024-11-22 11:44:00,91.75,1
2024-11-22 11:45:00,91.82,1
2024-11-22 11:46:00,91.94,1
2024-11-22 11:47:00,92.33,1
2024-11-22 11:48:00,92.29,1
2024-11-22 11:49:00,92.04,1
2024-11-22 11:50:00,92.16,1
2024-11-22 11:51:00,92.5,1
2024-11-22 11:52:00,92.56,1
2024-11-22 11:53:00,92.3,1
2024-11-22 11:54:00,92.28,1
2024-11-22 11:55:00,92.24,1
2024-11-22 11:56:00,92.0,1
2024-11-22 11:57:00,92.01,1
2024-11-22 11:58:00,92.13,1
2024-11-22 11:59:00,92.0,1
2024-11-22 12:00:00,91.99,1
2024-11-22 12:01:00,92.0,1
2024-11-22 12:02:00,91.97,1
2024-11-22 12:03:00,92.0,1
2024-11-22 12:04:00,91.55,1
2024-11-22 12:05:00,91.63,1
2024-11-22 12:06:00,91.55,1
2024-11-22 12:07:00,91.56,1
2024-11-22 12:08:00,91.73,1
2024-11-22 12:09:00,91.45,1
2024-11-22 12:10:00,91.41,1
2024-11-22 12:11:00,91.5,1
2024-11-22 12:12:00,91.39,1
2024-11-22 12:13:00,91.34,1
2024-11-22 12:14:00,91.51,1
2024-11-22 12:15:00,91.51,1
2024-11-22 12:16:00,91.41,1
2024-11-22 12:17:00,91.25,1
2024-11-22 12:18:00,91.13,1
2024-11-22 12:19:00,91.18,1
2024-11-22 12:20:00,91.13,1
2024-11-22 12:21:00,91.17,1
2024-11-22 12:22:00,91.08,1
2024-11-22 12:23:00,91.32,1
2024-11-22 12:24:00,91.36,1
2024-11-22 12:25:00,91.42,1
2024-11-22 12:26:00,91.59,1
2024-11-22 12:27:00,91.33,1
2024-11-22 12:28:00,91.38,1
2024-11-22 12:29:00,91.29,1
2024-11-22 12:30:00,91.24,1
2024-11-22 12:31:00,91.43,1
2024-11-22 12:32:00,91.22,1
2024-11-22 12:33:00,91.33,1
2024-11-22 12:34:00,91.22,1
2024-11-22 12:35:00,91.36,1
2024-11-22 12:36:00,91.26,1
2024-11-22 12:37:00,91.23,1
2024-11-22 12:38:00,91.17,1
2024-11-22 12:39:00,91.01,1
2024-11-22 12:40:00,91.0,1
2024-11-22 12:41:00,90.88,1
2024-11-22 12:42:00,90.82,1
2024-11-22 12:43:00,90.78,1
2024-11-22 12:44:00,90.84,1
2024-11-22 12:45:00,90.7,1
2024-11-22 12:46:00,90.58,1
2024-11-22 12:47:00,90.56,1
2024-11-22 12:48:00,90.63,1
2024-11-22 12:49:00,90.53,1
2024-11-22 12:50:00,90.83,1
2024-11-22 12:51:00,91.32,1
2024-11-22 12:52:00,91.55,1
2024-11-22 12:53:00,92.13,1
2024-11-22 12:54:00,92.4,1
2024-11-22 12:55:00,91.88,1
2024-11-22 12:56:00,91.55,1
2024-11-22 12:57:00,91.49,1
2024-11-22 12:58:00,91.65,1
2024-11-22 12:59:00,91.51,1
2024-11-22 13:00:00,91.46,1
2024-11-22 13:01:00,91.29,1
2024-11-22 13:02:00,90.93,1
2024-11-22 13:03:00,90.95,1
2024-11-22 13:04:00,91.22,1
2024-11-22 13:05:00,90.98,1
2024-11-22 13:06:00,90.81,1
2024-11-22 13:07:00,91.0,1
2024-11-22 13:08:00,91.19,1
2024-11-22 13:09:00,90.96,1
2024-11-22 13:10:00,91.3,1
2024-11-22 13:11:00,91.08,1
2024-11-22 13:12:00,91.06,1
2024-11-22 13:13:00,90.94,1
2024-11-22 13:14:00,91.01,1
2024-11-22 13:15:00,91.04,1
2024-11-22 13:16:00,91.22,1
2024-11-22 13:17:00,90.88,1
2024-11-22 13:18:00,90.45,1
2024-11-22 13:19:00,90.25,1
2024-11-22 13:20:00,90.13,1
2024-11-22 13:21:00,90.19,1
2024-11-22 13:22:00,89.94,1
2024-11-22 13:23:00,90.29,1
2024-11-22 13:24:00,90.06,1
2024-11-22 13:25:00,89.79,1
2024-11-22 13:26:00,89.27,1
2024-11-22 13:27:00,89.52,1
2024-11-22 13:28:00,88.28,1
2024-11-22 13:29:00,88.44,1
2024-11-22 13:30:00,88.29,1
2024-11-22 13:31:00,89.38,1
2024-11-22 13:32:00,89.56,1
2024-11-22 13:33:00,89.0,1
2024-11-22 13:34:00,89.05,1
2024-11-22 13:35:00,89.35,1
2024-11-22 13:36:00,89.41,1
2024-11-22 13:37:00,89.62,1
2024-11-22 13:38:00,89.39,1
2024-11-22 13:39:00,89.01,1
2024-11-22 13:40:00,89.2,1
2024-11-22 13:41:00,88.99,1
2024-11-22 13:42:00,89.29,1
2024-11-22 13:43:00,88.88,1
2024-11-22 13:44:00,88.52,1
2024-11-22 13:45:00,88.97,1
2024-11-22 13:46:00,88.58,1
2024-11-22 13:47:00,89.26,1
2024-11-22 13:48:00,89.23,1
2024-11-22 13:49:00,89.42,1
2024-11-22 13:50:00,89.39,1
2024-11-22 13:51:00,89.49,1
2024-11-22 13:52:00,89.23,1
2024-11-22 13:53:00,89.1,1
2024-11-22 13:54:00,88.77,1
2024-11-22 13:55:00,88.67,1
2024-11-22 13:56:00,88.75,1
2024-11-22 13:57:00,88.81,1
2024-11-22 13:58:00,88.84,1
2024-11-22 13:59:00,88.98,1
2024-11-22 14:00:00,88.94,1
2024-11-22 14:01:00,88.9,1
2024-11-22 14:02:00,88.4,1
2024-11-22 14:03:00,87.85,1
2024-11-22 14:04:00,87.84,1
2024-11-22 14:05:00,87.97,1
2024-11-22 14:06:00,88.37,1
2024-11-22 14:07:00,88.55,1
2024-11-22 14:08:00,88.56,1
2024-11-22 14:09:00,88.7,1
2024-11-22 14:10:00,88.86,1
2024-11-22 14:11:00,88.75,1
2024-11-22 14:12:00,88.75,1
2024-11-22 14:13:00,88.97,1
2024-11-22 14:14:00,88.84,1
2024-11-22 14:15:00,88.74,1
2024-11-22 14:16:00,88.86,1
2024-11-22 14:17:00,88.75,1
2024-11-22 14:18:00,88.42,1
2024-11-22 14:19:00,88.35,1
2024-11-22 14:20:00,88.16,1
2024-11-22 14:21:00,87.94,1
2024-11-22 14:22:00,88.36,1
2024-11-22 14:23:00,88.12,1
2024-11-22 14:24:00,88.02,1
2024-11-22 14:25:00,88.13,1
2024-11-22 14:26:00,88.34,1
2024-11-22 14:27:00,88.3,1
2024-11-22 14:28:00,88.21,1
2024-11-22 14:29:00,88.12,1
2024-11-22 14:30:00,88.16,1
2024-11-22 14:31:00,88.15,1
2024-11-22 14:32:00,88.18,1
2024-11-22 14:33:00,88.46,1
2024-11-22 14:34:00,88.92,1
2024-11-22 14:35:00,88.7,1
2024-11-22 14:36:00,88.59,1
2024-11-22 14:37:00,88.48,1
2024-11-22 14:38:00,88.39,1
2024-11-22 14:39:00,88.6,1
2024-11-22 14:40:00,88.76,1
2024-11-22 14:41:00,88.7,1
2024-11-22 14:42:00,88.88,1
2024-11-22 14:43:00,89.09,1
2024-11-22 14:44:00,89.06,1
2024-11-22 14:45:00,89.06,1
2024-11-22 14:46:00,88.87,1
2024-11-22 14:47:00,88.87,1
2024-11-22 14:48:00,89.0,1
2024-11-22 14:49:00,89.01,1
2024-11-22 14:50:00,88.94,1
2024-11-22 14:51:00,88.8,1
2024-11-22 14:52:00,88.86,1
2024-11-22 14:53:00,88.73,1
2024-11-22 14:54:00,88.7,1
2024-11-22 14:55:00,88.73,1
2024-11-22 14:56:00,88.5,1
2024-11-22 14:57:00,88.42,1
2024-11-22 14:58:00,88.53,1
2024-11-22 14:59:00,88.8,1
2024-11-22 15:00:00,88.91,1
2024-11-22 15:01:00,88.79,1
2024-11-22 15:02:00,89.04,1
2024-11-22 15:03:00,89.25,1
2024-11-22 15:04:00,89.06,1
2024-11-22 15:05:00,89.11,1
2024-11-22 15:06:00,89.25,1
2024-11-22 15:07:00,89.2,1
2024-11-22 15:08:00,89.28,1
2024-11-22 15:09:00,89.67,1
2024-11-22 15:10:00,89.85,1
2024-11-22 15:11:00,90.16,1
2024-11-22 15:12:00,90.36,1
2024-11-22 15:13:00,90.52,1
2024-11-22 15:14:00,90.54,1
2024-11-22 15:15:00,90.68,1
2024-11-22 15:16:00,90.58,1
2024-11-22 15:17:00,90.44,1
2024-11-22 15:18:00,90.48,1
2024-11-22 15:19:00,90.36,1
2024-11-22 15:20:00,90.29,1
2024-11-22 15:21:00,90.14,1
2024-11-22 15:22:00,90.11,1
2024-11-22 15:23:00,89.67,1
2024-11-22 15:24:00,89.69,1
2024-11-22 15:25:00,89.63,1
2024-11-22 15:26:00,89.74,1
2024-11-22 15:27:00,89.74,1
2024-11-22 15:28:00,89.88,1
2024-11-22 15:29:00,89.63,1
2024-11-22 15:30:00,89.44,1
2024-11-22 15:31:00,89.39,1
2024-11-22 15:32:00,89.44,1
2024-11-22 15:33:00,89.33,1
2024-11-22 15:34:00,89.52,1
2024-11-22 15:35:00,89.41,1
2024-11-22 15:36:00,89.54,1
2024-11-22 15:37:00,89.82,1
2024-11-22 15:38:00,89.67,1
2024-11-22 15:39:00,89.76,1
2024-11-22 15:40:00,89.91,1
2024-11-22 15:41:00,89.84,1
2024-11-22 15:42:00,89.82,1
2024-11-22 15:43:00,89.76,1
2024-11-22 15:44:00,89.9,1
2024-11-22 15:45:00,89.87,1
2024-11-22 15:46:00,89.86,1
2024-11-22 15:47:00,89.7,1
2024-11-22 15:48:00,89.88,1
2024-11-22 15:49:00,89.81,1
2024-11-22 15:50:00,89.77,1
2024-11-22 15:51:00,89.8,1
2024-11-22 15:52:00,89.73,1
2024-11-22 15:53:00,89.87,1
2024-11-22 15:54:00,89.8,1
2024-11-22 15:55:00,89.86,1
2024-11-22 15:56:00,89.92,1
2024-11-22 15:57:00,90.0,1
2024-11-22 15:58:00,89.91,1
2024-11-22 15:59:00,89.96,1
2024-11-22 16:00:00,89.92,1
2024-11-22 16:01:00,89.76,1
2024-11-22 16:02:00,89.6,1
2024-11-22 16:03:00,89.65,1
2024-11-22 16:04:00,89.71,1
2024-11-22 16:05:00,89.55,1
2024-11-22 16:06:00,89.32,1
2024-11-22 16:07:00,89.38,1
2024-11-22 16:08:00,89.48,1
2024-11-22 16:09:00,89.51,1
2024-11-22 16:10:00,89.79,1
2024-11-22 16:11:00,89.88,1
2024-11-22 16:12:00,90.15,1
2024-11-22 16:13:00,89.94,1
2024-11-22 16:14:00,89.73,1
2024-11-22 16:15:00,89.68,1
2024-11-22 16:16:00,89.89,1
2024-11-22 16:17:00,90.01,1
2024-11-22 16:18:00,89.95,1
2024-11-22 16:19:00,89.95,1
2024-11-22 16:20:00,89.97,1
2024-11-22 16:21:00,89.88,1
2024-11-22 16:22:00,89.93,1
2024-11-22 16:23:00,89.97,1
2024-11-22 16:24:00,90.12,1
2024-11-22 16:25:00,90.2,1
2024-11-22 16:26:00,90.34,1
2024-11-22 16:27:00,90.33,1
2024-11-22 16:28:00,90.39,1
2024-11-22 16:29:00,90.3,1
2024-11-22 16:30:00,90.26,1
2024-11-22 16:31:00,90.11,1
2024-11-22 16:32:00,90.02,1
2024-11-22 16:33:00,89.92,1
2024-11-22 16:34:00,89.81,1
2024-11-22 16:35:00,89.62,1
2024-11-22 16:36:00,89.74,1
2024-11-22 16:37:00,89.71,1
2024-11-22 16:38:00,89.72,1
2024-11-22 16:39:00,89.62,1
2024-11-22 16:40:00,89.77,1
2024-11-22 16:41:00,89.43,1
2024-11-22 16:42:00,89.51,1
2024-11-22 16:43:00,89.72,1
2024-11-22 16:44:00,89.64,1
2024-11-22 16:45:00,89.59,1
2024-11-22 16:46:00,89.65,1
2024-11-22 16:47:00,89.61,1
2024-11-22 16:48:00,89.8,1
2024-11-22 16:49:00,89.86,1
2024-11-22 16:50:00,89.93,1
2024-11-22 16:51:00,89.93,1
2024-11-22 16:52:00,90.15,1
2024-11-22 16:53:00,90.33,1
2024-11-22 16:54:00,90.67,1
2024-11-22 16:55:00,90.65,1
2024-11-22 16:56:00,90.5,1
2024-11-22 16:57:00,90.51,1
2024-11-22 16:58:00,90.44,1
2024-11-22 16:59:00,90.6,1
2024-11-22 17:00:00,90.53,1
2024-11-22 17:01:00,90.4,1
2024-11-22 17:02:00,90.34,1
2024-11-22 17:03:00,90.44,1
2024-11-22 17:04:00,90.35,1
2024-11-22 17:05:00,90.23,1
2024-11-22 17:06:00,90.3,1
2024-11-22 17:07:00,90.34,1
2024-11-22 17:08:00,90.2,1
2024-11-22 17:09:00,90.14,1
2024-11-22 17:10:00,90.32,1
2024-11-22 17:11:00,90.29,1
2024-11-22 17:12:00,90.25,1
2024-11-22 17:13:00,90.2,1
2024-11-22 17:14:00,90.14,1
2024-11-22 17:15:00,90.28,1
2024-11-22 17:16:00,90.39,1
2024-11-22 17:17:00,90.49,1
2024-11-22 17:18:00,90.54,1
2024-11-22 17:19:00,90.61,1
2024-11-22 17:20:00,90.53,1
2024-11-22 17:21:00,90.31,1
2024-11-22 17:22:00,90.43,1
2024-11-22 17:23:00,90.35,1
2024-11-22 17:24:00,90.42,1
2024-11-22 17:25:00,90.4,1
2024-11-22 17:26:00,90.4,1
2024-11-22 17:27:00,90.58,1
2024-11-22 17:28:00,90.51,1
2024-11-22 17:29:00,90.5,1
2024-11-22 17:30:00,90.55,1
2024-11-22 17:31:00,90.66,1
2024-11-22 17:32:00,90.67,1
2024-11-22 17:33:00,90.6,1
2024-11-22 17:34:00,90.59,1
2024-11-22 17:35:00,90.49,1
2024-11-22 17:36:00,90.33,1
2024-11-22 17:37:00,90.15,1
2024-11-22 17:38:00,90.17,1
2024-11-22 17:39:00,90.19,1
2024-11-22 17:40:00,90.08,1
2024-11-22 17:41:00,90.07,1
2024-11-22 17:42:00,90.33,1
2024-11-22 17:43:00,90.47,1
2024-11-22 17:44:00,90.37,1
2024-11-22 17:45:00,90.36,1
2024-11-22 17:46:00,90.31,1
2024-11-22 17:47:00,90.35,1
2024-11-22 17:48:00,90.3,1
2024-11-22 17:49:00,90.35,1
2024-11-22 17:50:00,90.36,1
2024-11-22 17:51:00,90.43,1
2024-11-22 17:52:00,90.6,1
2024-11-22 17:53:00,90.75,1
2024-11-22 17:54:00,90.64,1
2024-11-22 17:55:00,90.52,1
2024-11-22 17:56:00,90.53,1
2024-11-22 17:57:00,90.55,1
2024-11-22 17:58:00,90.3,1
2024-11-22 17:59:00,90.4,1
2024-11-22 18:00:00,90.32,1
2024-11-22 18:01:00,90.33,1
2024-11-22 18:02:00,90.42,1
2024-11-22 18:03:00,90.41,1
2024-11-22 18:04:00,90.51,1
2024-11-22 18:05:00,90.66,1
2024-11-22 18:06:00,90.67,1
2024-11-22 18:07:00,90.79,1
2024-11-22 18:08:00,90.78,1
2024-11-22 18:09:00,90.71,1
2024-11-22 18:10:00,90.82,1
2024-11-22 18:11:00,90.88,1
2024-11-22 18:12:00,90.9,1
2024-11-22 18:13:00,90.93,1
2024-11-22 18:14:00,90.93,1
2024-11-22 18:15:00,90.6,1
2024-11-22 18:16:00,90.7,1
2024-11-22 18:17:00,90.62,1
2024-11-22 18:18:00,90.58,1
2024-11-22 18:19:00,90.6,1
2024-11-22 18:20:00,90.71,1
2024-11-22 18:21:00,90.78,1
2024-11-22 18:22:00,90.71,1
2024-11-22 18:23:00,90.58,1
2024-11-22 18:24:00,90.42,1
2024-11-22 18:25:00,90.26,1
2024-11-22 18:26:00,90.44,1
2024-11-22 18:27:00,90.58,1
2024-11-22 18:28:00,90.67,1
2024-11-22 18:29:00,90.66,1
2024-11-22 18:30:00,90.78,1
2024-11-22 18:31:00,90.87,1
2024-11-22 18:32:00,90.9,1
2024-11-22 18:33:00,90.95,1
2024-11-22 18:34:00,90.7,1
2024-11-22 18:35:00,90.69,1
2024-11-22 18:36:00,90.65,1
2024-11-22 18:37:00,90.73,1
2024-11-22 18:38:00,90.73,1
2024-11-22 18:39:00,90.84,1
2024-11-22 18:40:00,90.78,1
2024-11-22 18:41:00,90.65,1
2024-11-22 18:42:00,90.58,1
2024-11-22 18:43:00,90.54,1
2024-11-22 18:44:00,90.54,1
2024-11-22 18:45:00,90.35,1
2024-11-22 18:46:00,90.37,1
2024-11-22 18:47:00,90.42,1
2024-11-22 18:48:00,90.43,1
2024-11-22 18:49:00,90.22,1
2024-11-22 18:50:00,90.22,1
2024-11-22 18:51:00,89.86,1
2024-11-22 18:52:00,89.87,1
2024-11-22 18:53:00,89.45,1
2024-11-22 18:54:00,89.43,1
2024-11-22 18:55:00,89.68,1
2024-11-22 18:56:00,89.72,1
2024-11-22 18:57:00,89.67,1
2024-11-22 18:58:00,89.49,1
2024-11-22 18:59:00,89.7,1
2024-11-22 19:00:00,89.56,1
2024-11-22 19:01:00,89.69,1
2024-11-22 19:02:00,89.99,1
2024-11-22 19:03:00,89.75,1
2024-11-22 19:04:00,89.72,1
2024-11-22 19:05:00,89.91,1
2024-11-22 19:06:00,90.12,1
2024-11-22 19:07:00,90.06,1
2024-11-22 19:08:00,90.28,1
2024-11-22 19:09:00,90.26,1
2024-11-22 19:10:00,90.1,1
2024-11-22 19:11:00,89.77,1
2024-11-22 19:12:00,89.63,1
2024-11-22 19:13:00,89.74,1
2024-11-22 19:14:00,89.94,1
2024-11-22 19:15:00,89.71,1
2024-11-22 19:16:00,89.51,1
2024-11-22 19:17:00,89.44,1
2024-11-22 19:18:00,89.73,1
2024-11-22 19:19:00,89.8,1
2024-11-22 19:20:00,90.08,1
2024-11-22 19:21:00,89.96,1
2024-11-22 19:22:00,89.98,1
2024-11-22 19:23:00,90.33,1
2024-11-22 19:24:00,90.35,1
2024-11-22 19:25:00,90.35,1
2024-11-22 19:26:00,90.37,1
2024-11-22 19:27:00,90.5,1
2024-11-22 19:28:00,90.71,1
2024-11-22 19:29:00,90.83,1
2024-11-22 19:30:00,90.89,1
2024-11-22 19:31:00,90.96,1
2024-11-22 19:32:00,90.82,1
2024-11-22 19:33:00,90.78,1
2024-11-22 19:34:00,90.73,1
2024-11-22 19:35:00,90.57,1
2024-11-22 19:36:00,90.74,1
2024-11-22 19:37:00,90.69,1
2024-11-22 19:38:00,90.46,1
2024-11-22 19:39:00,90.12,1
2024-11-22 19:40:00,90.08,1
2024-11-22 19:41:00,90.06,1
2024-11-22 19:42:00,90.06,1
2024-11-22 19:43:00,90.43,1
2024-11-22 19:44:00,90.32,1
2024-11-22 19:45:00,90.44,1
2024-11-22 19:46:00,90.36,1
2024-11-22 19:47:00,90.38,1
2024-11-22 19:48:00,90.44,1
2024-11-22 19:49:00,90.36,1
2024-11-22 19:50:00,90.36,1
2024-11-22 19:51:00,90.42,1
2024-11-22 19:52:00,90.38,1
2024-11-22 19:53:00,90.53,1
2024-11-22 19:54:00,90.44,1
2024-11-22 19:55:00,90.65,1
2024-11-22 19:56:00,90.69,1
2024-11-22 19:57:00,90.79,1
2024-11-22 19:58:00,90.78,1
2024-11-22 19:59:00,90.84,1
2024-11-22 20:00:00,90.84,1
2024-11-22 20:01:00,90.77,1
2024-11-22 20:02:00,90.63,1
2024-11-22 20:03:00,90.8,1
2024-11-22 20:04:00,90.48,1
2024-11-22 20:05:00,90.68,1
2024-11-22 20:06:00,90.68,1
2024-11-22 20:07:00,90.75,1
2024-11-22 20:08:00,90.55,1
2024-11-22 20:09:00,90.52,1
2024-11-22 20:10:00,90.68,1
2024-11-22 20:11:00,90.78,1
2024-11-22 20:12:00,90.72,1
2024-11-22 20:13:00,90.79,1
2024-11-22 20:14:00,90.87,1
2024-11-22 20:15:00,90.9,1
2024-11-22 20:16:00,90.81,1
2024-11-22 20:17:00,90.7,1
2024-11-22 20:18:00,90.75,1
2024-11-22 20:19:00,90.58,1
2024-11-22 20:20:00,90.53,1
2024-11-22 20:21:00,90.44,1
2024-11-22 20:22:00,90.58,1
2024-11-22 20:23:00,90.55,1
2024-11-22 20:24:00,90.33,1
2024-11-22 20:25:00,90.45,1
2024-11-22 20:26:00,90.64,1
2024-11-22 20:27:00,90.7,1
2024-11-22 20:28:00,90.66,1
2024-11-22 20:29:00,90.77,1
2024-11-22 20:30:00,90.68,1
2024-11-22 20:31:00,90.58,1
2024-11-22 20:32:00,90.55,1
2024-11-22 20:33:00,90.52,1
2024-11-22 20:34:00,90.52,1
2024-11-22 20:35:00,90.79,1
2024-11-22 20:36:00,90.85,1
2024-11-22 20:37:00,90.9,1
2024-11-22 20:38:00,90.86,1
2024-11-22 20:39:00,90.87,1
2024-11-22 20:40:00,90.75,1
2024-11-22 20:41:00,90.84,1
2024-11-22 20:42:00,90.86,1
2024-11-22 20:43:00,90.79,1
2024-11-22 20:44:00,90.81,1
2024-11-22 20:45:00,90.85,1
2024-11-22 20:46:00,90.84,1
2024-11-22 20:47:00,90.82,1
2024-11-22 20:48:00,90.84,1
2024-11-22 20:49:00,90.83,1
2024-11-22 20:50:00,90.71,1
2024-11-22 20:51:00,90.73,1
2024-11-22 20:52:00,90.65,1
2024-11-22 20:53:00,90.71,1
2024-11-22 20:54:00,90.67,1
2024-11-22 20:55:00,90.64,1
2024-11-22 20:56:00,90.58,1
2024-11-22 20:57:00,90.62,1
2024-11-22 20:58:00,90.69,1
2024-11-22 20:59:00,90.64,1
2024-11-22 21:00:00,90.65,1
2024-11-22 21:01:00,90.59,1
2024-11-22 21:02:00,90.47,1
2024-11-22 21:03:00,90.46,1
2024-11-22 21:04:00,90.47,1
2024-11-22 21:05:00,90.43,1
2024-11-22 21:06:00,90.42,1
2024-11-22 21:07:00,90.52,1
2024-11-22 21:08:00,90.65,1
2024-11-22 21:09:00,90.52,1
2024-11-22 21:10:00,90.38,1
2024-11-22 21:11:00,90.41,1
2024-11-22 21:12:00,90.39,1
2024-11-22 21:13:00,90.46,1
2024-11-22 21:14:00,90.51,1
2024-11-22 21:15:00,90.5,1
2024-11-22 21:16:00,90.57,1
2024-11-22 21:17:00,90.58,1
2024-11-22 21:18:00,90.48,1
2024-11-22 21:19:00,90.45,1
2024-11-22 21:20:00,90.54,1
2024-11-22 21:21:00,90.5,1
2024-11-22 21:22:00,90.5,1
2024-11-22 21:23:00,90.47,1
2024-11-22 21:24:00,90.38,1
2024-11-22 21:25:00,90.4,1
2024-11-22 21:26:00,90.45,1
2024-11-22 21:27:00,90.49,1
2024-11-22 21:28:00,90.55,1
2024-11-22 21:29:00,90.57,1
2024-11-22 21:30:00,90.57,1
2024-11-22 21:31:00,90.54,1
2024-11-22 21:32:00,90.46,1
2024-11-22 21:33:00,90.45,1
2024-11-22 21:34:00,90.53,1
2024-11-22 21:35:00,90.46,1
2024-11-22 21:36:00,90.44,1
2024-11-22 21:37:00,90.49,1
2024-11-22 21:38:00,90.41,1
2024-11-22 21:39:00,90.42,1
2024-11-22 21:40:00,90.43,1
2024-11-22 21:41:00,90.44,1
2024-11-22 21:42:00,90.4,1
2024-11-22 21:43:00,90.41,1
2024-11-22 21:44:00,90.49,1
2024-11-22 21:45:00,90.51,1
2024-11-22 21:46:00,90.55,1
2024-11-22 21:47:00,90.52,1
2024-11-22 21:48:00,90.41,1
2024-11-22 21:49:00,90.57,1
2024-11-22 21:50:00,90.71,1
2024-11-22 21:51:00,90.7,1
2024-11-22 21:52:00,90.68,1
2024-11-22 21:53:00,90.66,1
2024-11-22 21:54:00,90.6,1
2024-11-22 21:55:00,90.6,1
2024-11-22 21:56:00,90.54,1
2024-11-22 21:57:00,90.55,1
2024-11-22 21:58:00,90.57,1
2024-11-22 21:59:00,90.5,1
2024-11-22 22:00:00,90.41,1
2024-11-22 22:01:00,90.51,1
2024-11-22 22:02:00,90.49,1
2024-11-22 22:03:00,90.33,1
2024-11-22 22:04:00,90.24,1
2024-11-22 22:05:00,90.26,1
2024-11-22 22:06:00,90.36,1
2024-11-22 22:07:00,90.37,1
2024-11-22 22:08:00,90.34,1
2024-11-22 22:09:00,90.35,1
2024-11-22 22:10:00,90.38,1
2024-11-22 22:11:00,90.49,1
2024-11-22 22:12:00,90.62,1
2024-11-22 22:13:00,90.82,1
2024-11-22 22:14:00,90.85,1
2024-11-22 22:15:00,90.93,1
2024-11-22 22:16:00,90.85,1
2024-11-22 22:17:00,90.87,1
2024-11-22 22:18:00,90.73,1
2024-11-22 22:19:00,90.56,1
2024-11-22 22:20:00,90.54,1
2024-11-22 22:21:00,90.67,1
2024-11-22 22:22:00,90.87,1
2024-11-22 22:23:00,90.92,1
2024-11-22 22:24:00,91.03,1
2024-11-22 22:25:00,91.14,1
2024-11-22 22:26:00,91.3,1
2024-11-22 22:27:00,91.3,1
2024-11-22 22:28:00,91.16,1
2024-11-22 22:29:00,91.09,1
2024-11-22 22:30:00,91.24,1
2024-11-22 22:31:00,91.13,1
2024-11-22 22:32:00,91.19,1
2024-11-22 22:33:00,91.19,1
2024-11-22 22:34:00,91.32,1
2024-11-22 22:35:00,91.35,1
2024-11-22 22:36:00,91.26,1
2024-11-22 22:37:00,91.27,1
2024-11-22 22:38:00,91.27,1
2024-11-22 22:39:00,91.07,1
2024-11-22 22:40:00,90.94,1
2024-11-22 22:41:00,90.89,1
2024-11-22 22:42:00,91.01,1
2024-11-22 22:43:00,90.91,1
2024-11-22 22:44:00,90.74,1
2024-11-22 22:45:00,90.8,1
2024-11-22 22:46:00,90.84,1
2024-11-22 22:47:00,90.82,1
2024-11-22 22:48:00,90.84,1
2024-11-22 22:49:00,90.94,1
2024-11-22 22:50:00,90.94,1
2024-11-22 22:51:00,90.92,1
2024-11-22 22:52:00,90.96,1
2024-11-22 22:53:00,91.0,1
2024-11-22 22:54:00,91.05,1
2024-11-22 22:55:00,91.1,1
2024-11-22 22:56:00,91.1,1
2024-11-22 22:57:00,91.12,1
2024-11-22 22:58:00,91.15,1
2024-11-22 22:59:00,91.06,1
2024-11-22 23:00:00,90.92,1
2024-11-22 23:01:00,90.96,1
2024-11-22 23:02:00,90.99,1
2024-11-22 23:03:00,91.04,1
2024-11-22 23:04:00,91.11,1
2024-11-22 23:05:00,91.17,1
2024-11-22 23:06:00,91.02,1
2024-11-22 23:07:00,91.08,1
2024-11-22 23:08:00,90.98,1
2024-11-22 23:09:00,90.99,1
2024-11-22 23:10:00,90.99,1
2024-11-22 23:11:00,90.97,1
2024-11-22 23:12:00,90.98,1
2024-11-22 23:13:00,91.09,1
2024-11-22 23:14:00,91.17,1
2024-11-22 23:15:00,91.18,1
2024-11-22 23:16:00,90.81,1
2024-11-22 23:17:00,90.84,1
2024-11-22 23:18:00,90.97,1
2024-11-22 23:19:00,90.85,1
2024-11-22 23:20:00,90.95,1
2024-11-22 23:21:00,90.91,1
2024-11-22 23:22:00,90.97,1
2024-11-22 23:23:00,90.99,1
2024-11-22 23:24:00,90.89,1
2024-11-22 23:25:00,90.71,1
2024-11-22 23:26:00,90.82,1
2024-11-22 23:27:00,90.85,1
2024-11-22 23:28:00,90.87,1
2024-11-22 23:29:00,90.89,1
2024-11-22 23:30:00,90.97,1
2024-11-22 23:31:00,91.07,1
2024-11-22 23:32:00,91.12,1
2024-11-22 23:33:00,91.29,1
2024-11-22 23:34:00,91.42,1
2024-11-22 23:35:00,91.4,1
2024-11-22 23:36:00,91.37,1
2024-11-22 23:37:00,91.41,1
2024-11-22 23:38:00,91.68,1
2024-11-22 23:39:00,91.77,1
2024-11-22 23:40:00,91.88,1
2024-11-22 23:41:00,91.97,1
2024-11-22 23:42:00,91.91,1
2024-11-22 23:43:00,92.08,1
2024-11-22 23:44:00,91.7,1
2024-11-22 23:45:00,91.73,1
2024-11-22 23:46:00,91.8,1
2024-11-22 23:47:00,91.83,1
2024-11-22 23:48:00,91.85,1
2024-11-22 23:49:00,91.85,1
2024-11-22 23:50:00,91.69,1
2024-11-22 23:51:00,91.72,1
2024-11-22 23:52:00,91.82,1
2024-11-22 23:53:00,91.9,1
2024-11-22 23:54:00,91.94,1
2024-11-22 23:55:00,91.91,1
2024-11-22 23:56:00,92.1,1
2024-11-22 23:57:00,92.03,1
2024-11-22 23:58:00,92.12,1
2024-11-22 23:59:00,92.11,1
2024-11-23 00:00:00,92.2,1
2024-11-23 00:01:00,92.26,1
2024-11-23 00:02:00,92.31,1
2024-11-23 00:03:00,92.37,1
2024-11-23 00:04:00,92.35,1
2024-11-23 00:05:00,92.33,1
2024-11-23 00:06:00,92.21,1
2024-11-23 00:07:00,92.52,1
2024-11-23 00:08:00,92.48,1
2024-11-23 00:09:00,92.72,1
2024-11-23 00:10:00,92.98,1
2024-11-23 00:11:00,93.1,1
2024-11-23 00:12:00,92.65,1
2024-11-23 00:13:00,92.57,1
2024-11-23 00:14:00,92.48,1
2024-11-23 00:15:00,92.65,1
2024-11-23 00:16:00,92.62,1
2024-11-23 00:17:00,92.7,1
2024-11-23 00:18:00,92.96,1
2024-11-23 00:19:00,93.19,1
2024-11-23 00:20:00,92.95,1
2024-11-23 00:21:00,93.02,1
2024-11-23 00:22:00,92.93,1
2024-11-23 00:23:00,92.85,1
2024-11-23 00:24:00,92.92,1
2024-11-23 00:25:00,92.9,1
2024-11-23 00:26:00,93.05,1
2024-11-23 00:27:00,93.29,1
2024-11-23 00:28:00,93.53,1
2024-11-23 00:29:00,93.58,1
2024-11-23 00:30:00,93.35,1
2024-11-23 00:31:00,93.54,1
2024-11-23 00:32:00,93.53,1
2024-11-23 00:33:00,93.4,1
2024-11-23 00:34:00,93.44,1
2024-11-23 00:35:00,93.2,1
2024-11-23 00:36:00,92.97,1
2024-11-23 00:37:00,93.32,1
2024-11-23 00:38:00,93.45,1
2024-11-23 00:39:00,93.3,1
2024-11-23 00:40:00,93.25,1
2024-11-23 00:41:00,93.59,1
2024-11-23 00:42:00,93.68,1
2024-11-23 00:43:00,93.73,1
2024-11-23 00:44:00,93.88,1
2024-11-23 00:45:00,93.9,1
2024-11-23 00:46:00,93.79,1
2024-11-23 00:47:00,93.98,1
2024-11-23 00:48:00,93.76,1
2024-11-23 00:49:00,93.88,1
2024-11-23 00:50:00,93.82,1
2024-11-23 00:51:00,93.99,1
2024-11-23 00:52:00,93.99,1
2024-11-23 00:53:00,93.94,1
2024-11-23 00:54:00,93.82,1
2024-11-23 00:55:00,93.81,1
2024-11-23 00:56:00,94.43,1
2024-11-23 00:57:00,94.27,1
2024-11-23 00:58:00,94.36,1
2024-11-23 00:59:00,94.1,1
2024-11-23 01:00:00,93.92,1
2024-11-23 01:01:00,94.05,1
2024-11-23 01:02:00,94.44,1
2024-11-23 01:03:00,94.62,1
2024-11-23 01:04:00,94.57,1
2024-11-23 01:05:00,94.83,1
2024-11-23 01:06:00,94.97,1
2024-11-23 01:07:00,94.79,1
2024-11-23 01:08:00,95.35,1
2024-11-23 01:09:00,95.52,1
2024-11-23 01:10:00,95.66,1
2024-11-23 01:11:00,95.56,1
2024-11-23 01:12:00,96.21,1
2024-11-23 01:13:00,96.11,1
2024-11-23 01:14:00,96.22,1
2024-11-23 01:15:00,96.09,1
2024-11-23 01:16:00,95.82,1
2024-11-23 01:17:00,95.83,1
2024-11-23 01:18:00,96.04,1
2024-11-23 01:19:00,96.52,1
2024-11-23 01:20:00,96.93,1
2024-11-23 01:21:00,97.04,1
2024-11-23 01:22:00,97.15,1
2024-11-23 01:23:00,97.46,1
2024-11-23 01:24:00,97.25,1
2024-11-23 01:25:00,96.8,1
2024-11-23 01:26:00,96.38,1
2024-11-23 01:27:00,96.57,1
2024-11-23 01:28:00,96.36,1
2024-11-23 01:29:00,96.97,1
2024-11-23 01:30:00,97.08,1
2024-11-23 01:31:00,96.8,1
2024-11-23 01:32:00,97.37,1
2024-11-23 01:33:00,96.82,1
2024-11-23 01:34:00,96.99,1
2024-11-23 01:35:00,97.18,1
2024-11-23 01:36:00,97.22,1
2024-11-23 01:37:00,97.1,1
2024-11-23 01:38:00,97.19,1
2024-11-23 01:39:00,96.96,1
2024-11-23 01:40:00,97.36,1
2024-11-23 01:41:00,97.49,1
2024-11-23 01:42:00,97.55,1
2024-11-23 01:43:00,97.2,1
2024-11-23 01:44:00,97.5,1
2024-11-23 01:45:00,97.89,1
2024-11-23 01:46:00,98.41,1
2024-11-23 01:47:00,98.3,1
2024-11-23 01:48:00,98.71,1
2024-11-23 01:49:00,98.84,1
2024-11-23 01:50:00,99.05,1
2024-11-23 01:51:00,99.06,1
2024-11-23 01:52:00,99.5,1
2024-11-23 01:53:00,99.15,1
2024-11-23 01:54:00,98.84,1
2024-11-23 01:55:00,99.29,1
2024-11-23 01:56:00,99.0,1
2024-11-23 01:57:00,99.16,1
2024-11-23 01:58:00,99.3,1
2024-11-23 01:59:00,100.14,1
2024-11-23 02:00:00,100.22,1
2024-11-23 02:01:00,100.91,1
2024-11-23 02:02:00,100.87,1
2024-11-23 02:03:00,101.35,1
2024-11-23 02:04:00,101.87,1
2024-11-23 02:05:00,102.19,1
2024-11-23 02:06:00,102.46,1
2024-11-23 02:07:00,101.12,1
2024-11-23 02:08:00,101.81,1
2024-11-23 02:09:00,102.62,1
2024-11-23 02:10:00,102.12,1
2024-11-23 02:11:00,101.5,1
2024-11-23 02:12:00,101.7,1
2024-11-23 02:13:00,100.83,1
2024-11-23 02:14:00,101.09,1
2024-11-23 02:15:00,101.38,1
2024-11-23 02:16:00,100.9,1
2024-11-23 02:17:00,101.27,1
2024-11-23 02:18:00,100.84,1
2024-11-23 02:19:00,100.97,1
2024-11-23 02:20:00,101.71,1
2024-11-23 02:21:00,101.85,1
2024-11-23 02:22:00,101.24,1
2024-11-23 02:23:00,100.94,1
2024-11-23 02:24:00,100.41,1
2024-11-23 02:25:00,100.98,1
2024-11-23 02:26:00,100.37,1
2024-11-23 02:27:00,100.82,1
2024-11-23 02:28:00,100.4,1
2024-11-23 02:29:00,100.27,1
2024-11-23 02:30:00,100.84,1
2024-11-23 02:31:00,101.28,1
2024-11-23 02:32:00,102.22,1
2024-11-23 02:33:00,102.06,1
2024-11-23 02:34:00,102.69,1
2024-11-23 02:35:00,102.54,1
2024-11-23 02:36:00,102.6,1
2024-11-23 02:37:00,101.96,1
2024-11-23 02:38:00,100.26,1
2024-11-23 02:39:00,100.14,1
2024-11-23 02:40:00,99.44,1
2024-11-23 02:41:00,99.8,1
2024-11-23 02:42:00,99.13,1
2024-11-23 02:43:00,99.28,1
2024-11-23 02:44:00,99.22,1
2024-11-23 02:45:00,99.42,1
2024-11-23 02:46:00,99.19,1
2024-11-23 02:47:00,99.13,1
2024-11-23 02:48:00,99.29,1
2024-11-23 02:49:00,99.01,1
2024-11-23 02:50:00,99.14,1
2024-11-23 02:51:00,99.22,1
2024-11-23 02:52:00,98.51,1
2024-11-23 02:53:00,99.01,1
2024-11-23 02:54:00,98.34,1
2024-11-23 02:55:00,98.48,1
2024-11-23 02:56:00,98.36,1
2024-11-23 02:57:00,98.61,1
2024-11-23 02:58:00,98.46,1
2024-11-23 02:59:00,98.82,1
2024-11-23 03:00:00,98.63,1
2024-11-23 03:01:00,98.54,1
2024-11-23 03:02:00,98.99,1
2024-11-23 03:03:00,99.31,1
2024-11-23 03:04:00,99.28,1
2024-11-23 03:05:00,99.02,1
2024-11-23 03:06:00,99.37,1
2024-11-23 03:07:00,99.49,1
2024-11-23 03:08:00,99.58,1
2024-11-23 03:09:00,99.82,1
2024-11-23 03:10:00,99.94,1
2024-11-23 03:11:00,100.06,1
2024-11-23 03:12:00,100.46,1
2024-11-23 03:13:00,100.69,1
2024-11-23 03:14:00,100.66,1
2024-11-23 03:15:00,100.92,1
2024-11-23 03:16:00,100.86,1
2024-11-23 03:17:00,100.72,1
2024-11-23 03:18:00,100.74,1
2024-11-23 03:19:00,101.2,1
2024-11-23 03:20:00,100.84,1
2024-11-23 03:21:00,100.98,1
2024-11-23 03:22:00,100.87,1
2024-11-23 03:23:00,101.01,1
2024-11-23 03:24:00,101.17,1
2024-11-23 03:25:00,101.16,1
2024-11-23 03:26:00,101.14,1
2024-11-23 03:27:00,101.25,1
2024-11-23 03:28:00,100.77,1
2024-11-23 03:29:00,100.85,1
2024-11-23 03:30:00,100.95,1
2024-11-23 03:31:00,100.64,1
2024-11-23 03:32:00,100.34,1
2024-11-23 03:33:00,100.22,1
2024-11-23 03:34:00,100.14,1
2024-11-23 03:35:00,100.02,1
2024-11-23 03:36:00,100.34,1
2024-11-23 03:37:00,100.7,1
2024-11-23 03:38:00,100.71,1
2024-11-23 03:39:00,100.5,1
2024-11-23 03:40:00,100.57,1
2024-11-23 03:41:00,100.4,1
2024-11-23 03:42:00,100.63,1
2024-11-23 03:43:00,100.71,1
2024-11-23 03:44:00,100.9,1
2024-11-23 03:45:00,100.47,1
2024-11-23 03:46:00,101.06,1
2024-11-23 03:47:00,101.2,1
2024-11-23 03:48:00,101.1,1
2024-11-23 03:49:00,101.21,1
2024-11-23 03:50:00,101.47,1
2024-11-23 03:51:00,101.17,1
2024-11-23 03:52:00,101.19,1
2024-11-23 03:53:00,101.01,1
2024-11-23 03:54:00,101.15,1
2024-11-23 03:55:00,101.09,1
2024-11-23 03:56:00,101.28,1
2024-11-23 03:57:00,100.86,1
2024-11-23 03:58:00,101.08,1
2024-11-23 03:59:00,100.85,1
2024-11-23 04:00:00,101.08,1
2024-11-23 04:01:00,101.15,1
2024-11-23 04:02:00,101.57,1
2024-11-23 04:03:00,101.31,1
2024-11-23 04:04:00,101.43,1
2024-11-23 04:05:00,101.16,1
2024-11-23 04:06:00,100.84,1
2024-11-23 04:07:00,100.76,1
2024-11-23 04:08:00,101.54,1
2024-11-23 04:09:00,101.25,1
2024-11-23 04:10:00,100.94,1
2024-11-23 04:11:00,100.57,1
2024-11-23 04:12:00,100.93,1
2024-11-23 04:13:00,101.37,1
2024-11-23 04:14:00,101.61,1
2024-11-23 04:15:00,101.54,1
2024-11-23 04:16:00,101.44,1
2024-11-23 04:17:00,101.38,1
2024-11-23 04:18:00,100.91,1
2024-11-23 04:19:00,100.71,1
2024-11-23 04:20:00,100.57,1
2024-11-23 04:21:00,101.0,1
2024-11-23 04:22:00,100.48,1
2024-11-23 04:23:00,100.54,1
2024-11-23 04:24:00,100.76,1
2024-11-23 04:25:00,100.53,1
2024-11-23 04:26:00,100.48,1
2024-11-23 04:27:00,100.29,1
2024-11-23 04:28:00,100.18,1
2024-11-23 04:29:00,100.5,1
2024-11-23 04:30:00,100.55,1
2024-11-23 04:31:00,101.18,1
2024-11-23 04:32:00,101.16,1
2024-11-23 04:33:00,101.7,1
2024-11-23 04:34:00,101.88,1
2024-11-23 04:35:00,101.95,1
2024-11-23 04:36:00,102.04,1
2024-11-23 04:37:00,102.74,1
2024-11-23 04:38:00,102.12,1
2024-11-23 04:39:00,101.89,1
2024-11-23 04:40:00,102.01,1
2024-11-23 04:41:00,101.88,1
2024-11-23 04:42:00,101.62,1
2024-11-23 04:43:00,101.97,1
2024-11-23 04:44:00,101.83,1
2024-11-23 04:45:00,101.88,1
2024-11-23 04:46:00,101.83,1
2024-11-23 04:47:00,102.19,1
2024-11-23 04:48:00,101.95,1
2024-11-23 04:49:00,101.83,1
2024-11-23 04:50:00,101.83,1
2024-11-23 04:51:00,102.3,1
2024-11-23 04:52:00,101.94,1
2024-11-23 04:53:00,102.11,1
2024-11-23 04:54:00,102.39,1
2024-11-23 04:55:00,102.35,1
2024-11-23 04:56:00,103.19,1
2024-11-23 04:57:00,102.91,1
2024-11-23 04:58:00,103.58,1
2024-11-23 04:59:00,103.91,1
2024-11-23 05:00:00,103.77,1
2024-11-23 05:01:00,103.77,1
2024-11-23 05:02:00,103.96,1
2024-11-23 05:03:00,103.66,1
2024-11-23 05:04:00,104.28,1
2024-11-23 05:05:00,104.1,1
2024-11-23 05:06:00,104.23,1
2024-11-23 05:07:00,104.63,1
2024-11-23 05:08:00,104.2,1
2024-11-23 05:09:00,104.21,1
2024-11-23 05:10:00,104.62,1
2024-11-23 05:11:00,104.26,1
2024-11-23 05:12:00,104.56,1
2024-11-23 05:13:00,104.5,1
2024-11-23 05:14:00,104.72,1
2024-11-23 05:15:00,104.91,1
2024-11-23 05:16:00,104.32,1
2024-11-23 05:17:00,104.19,1
2024-11-23 05:18:00,104.16,1
2024-11-23 05:19:00,104.35,1
2024-11-23 05:20:00,103.83,1
2024-11-23 05:21:00,103.39,1
2024-11-23 05:22:00,103.5,1
2024-11-23 05:23:00,103.42,1
2024-11-23 05:24:00,103.32,1
2024-11-23 05:25:00,103.29,1
2024-11-23 05:26:00,103.11,1
2024-11-23 05:27:00,102.93,1
2024-11-23 05:28:00,102.6,1
2024-11-23 05:29:00,102.65,1
2024-11-23 05:30:00,102.94,1
2024-11-23 05:31:00,102.93,1
2024-11-23 05:32:00,102.73,1
2024-11-23 05:33:00,102.72,1
2024-11-23 05:34:00,102.87,1
2024-11-23 05:35:00,103.01,1
2024-11-23 05:36:00,103.01,1
2024-11-23 05:37:00,103.12,1
2024-11-23 05:38:00,103.36,1
2024-11-23 05:39:00,103.16,1
2024-11-23 05:40:00,103.15,1
2024-11-23 05:41:00,103.42,1
2024-11-23 05:42:00,103.28,1
2024-11-23 05:43:00,103.08,1
2024-11-23 05:44:00,102.85,1
2024-11-23 05:45:00,103.04,1
2024-11-23 05:46:00,102.95,1
2024-11-23 05:47:00,102.95,1
2024-11-23 05:48:00,102.97,1
2024-11-23 05:49:00,102.89,1
2024-11-23 05:50:00,102.8,1
2024-11-23 05:51:00,102.91,1
2024-11-23 05:52:00,103.1,1
2024-11-23 05:53:00,103.04,1
2024-11-23 05:54:00,102.93,1
2024-11-23 05:55:00,102.9,1
2024-11-23 05:56:00,102.99,1
2024-11-23 05:57:00,103.25,1
2024-11-23 05:58:00,103.64,1
2024-11-23 05:59:00,103.92,1
2024-11-23 06:00:00,103.68,1
2024-11-23 06:01:00,103.72,1
2024-11-23 06:02:00,103.82,1
2024-11-23 06:03:00,103.89,1
2024-11-23 06:04:00,104.12,1
2024-11-23 06:05:00,103.93,1
2024-11-23 06:06:00,104.0,1
2024-11-23 06:07:00,104.2,1
2024-11-23 06:08:00,104.06,1
2024-11-23 06:09:00,103.9,1
2024-11-23 06:10:00,103.85,1
2024-11-23 06:11:00,104.13,1
2024-11-23 06:12:00,103.79,1
2024-11-23 06:13:00,103.75,1
2024-11-23 06:14:00,103.85,1
2024-11-23 06:15:00,104.09,1
2024-11-23 06:16:00,104.12,1
2024-11-23 06:17:00,103.75,1
2024-11-23 06:18:00,103.92,1
2024-11-23 06:19:00,103.7,1
2024-11-23 06:20:00,103.71,1
2024-11-23 06:21:00,103.62,1
2024-11-23 06:22:00,103.43,1
2024-11-23 06:23:00,103.22,1
2024-11-23 06:24:00,103.35,1
2024-11-23 06:25:00,103.42,1
2024-11-23 06:26:00,103.27,1
2024-11-23 06:27:00,103.17,1
2024-11-23 06:28:00,103.0,1
2024-11-23 06:29:00,103.1,1
2024-11-23 06:30:00,103.01,1
2024-11-23 06:31:00,102.86,1
2024-11-23 06:32:00,102.73,1
2024-11-23 06:33:00,102.66,1
2024-11-23 06:34:00,102.85,1
2024-11-23 06:35:00,102.97,1
2024-11-23 06:36:00,102.93,1
2024-11-23 06:37:00,102.72,1
2024-11-23 06:38:00,102.67,1
2024-11-23 06:39:00,102.66,1
2024-11-23 06:40:00,102.58,1
2024-11-23 06:41:00,102.65,1
2024-11-23 06:42:00,102.61,1
2024-11-23 06:43:00,102.41,1
2024-11-23 06:44:00,102.39,1
2024-11-23 06:45:00,102.54,1
2024-11-23 06:46:00,102.55,1
2024-11-23 06:47:00,102.94,1
2024-11-23 06:48:00,102.84,1
2024-11-23 06:49:00,102.95,1
2024-11-23 06:50:00,103.13,1
2024-11-23 06:51:00,102.85,1
2024-11-23 06:52:00,102.98,1
2024-11-23 06:53:00,102.75,1
2024-11-23 06:54:00,102.83,1
2024-11-23 06:55:00,102.96,1
2024-11-23 06:56:00,102.94,1
2024-11-23 06:57:00,102.92,1
2024-11-23 06:58:00,103.03,1
2024-11-23 06:59:00,103.29,1
2024-11-23 07:00:00,103.26,1
2024-11-23 07:01:00,102.96,1
2024-11-23 07:02:00,102.97,1
2024-11-23 07:03:00,102.84,1
2024-11-23 07:04:00,102.65,1
2024-11-23 07:05:00,102.7,1
2024-11-23 07:06:00,102.69,1
2024-11-23 07:07:00,102.62,1
2024-11-23 07:08:00,102.6,1
2024-11-23 07:09:00,102.64,1
2024-11-23 07:10:00,102.31,1
2024-11-23 07:11:00,102.09,1
2024-11-23 07:12:00,101.94,1
2024-11-23 07:13:00,101.92,1
2024-11-23 07:14:00,101.78,1
2024-11-23 07:15:00,101.85,1
2024-11-23 07:16:00,101.8,1
2024-11-23 07:17:00,101.6,1
2024-11-23 07:18:00,101.56,1
2024-11-23 07:19:00,101.43,1
2024-11-23 07:20:00,101.44,1
2024-11-23 07:21:00,101.58,1
2024-11-23 07:22:00,101.65,1
2024-11-23 07:23:00,101.61,1
2024-11-23 07:24:00,101.75,1
2024-11-23 07:25:00,101.66,1
2024-11-23 07:26:00,101.58,1
2024-11-23 07:27:00,101.54,1
2024-11-23 07:28:00,101.52,1
2024-11-23 07:29:00,101.55,1
2024-11-23 07:30:00,101.47,1
2024-11-23 07:31:00,101.46,1
2024-11-23 07:32:00,101.35,1
2024-11-23 07:33:00,101.38,1
2024-11-23 07:34:00,101.48,1
2024-11-23 07:35:00,101.67,1
2024-11-23 07:36:00,101.39,1
2024-11-23 07:37:00,101.35,1
2024-11-23 07:38:00,101.3,1
2024-11-23 07:39:00,101.28,1
2024-11-23 07:40:00,101.31,1
2024-11-23 07:41:00,101.4,1
2024-11-23 07:42:00,101.49,1
2024-11-23 07:43:00,101.62,1
2024-11-23 07:44:00,101.52,1
2024-11-23 07:45:00,101.53,1
2024-11-23 07:46:00,101.48,1
2024-11-23 07:47:00,101.55,1
2024-11-23 07:48:00,101.49,1
2024-11-23 07:49:00,101.51,1
2024-11-23 07:50:00,101.5,1
2024-11-23 07:51:00,101.38,1
2024-11-23 07:52:00,101.49,1
2024-11-23 07:53:00,101.5,1
2024-11-23 07:54:00,101.5,1
2024-11-23 07:55:00,101.54,1
2024-11-23 07:56:00,101.51,1
2024-11-23 07:57:00,101.45,1
2024-11-23 07:58:00,101.48,1
2024-11-23 07:59:00,101.34,1
2024-11-23 08:00:00,101.31,1
2024-11-23 08:01:00,101.38,1
2024-11-23 08:02:00,101.37,1
2024-11-23 08:03:00,101.42,1
2024-11-23 08:04:00,101.46,1
2024-11-23 08:05:00,101.46,1
2024-11-23 08:06:00,101.35,1
2024-11-23 08:07:00,101.32,1
2024-11-23 08:08:00,101.08,1
2024-11-23 08:09:00,101.16,1
2024-11-23 08:10:00,101.08,1
2024-11-23 08:11:00,101.12,1
2024-11-23 08:12:00,101.18,1
2024-11-23 08:13:00,101.26,1
2024-11-23 08:14:00,101.6,1
2024-11-23 08:15:00,101.54,1
2024-11-23 08:16:00,101.58,1
2024-11-23 08:17:00,101.48,1
2024-11-23 08:18:00,101.37,1
2024-11-23 08:19:00,101.56,1
2024-11-23 08:20:00,101.77,1
2024-11-23 08:21:00,101.85,1
2024-11-23 08:22:00,101.91,1
2024-11-23 08:23:00,101.72,1
2024-11-23 08:24:00,101.8,1
2024-11-23 08:25:00,101.52,1
2024-11-23 08:26:00,101.2,1
2024-11-23 08:27:00,100.97,1
2024-11-23 08:28:00,101.19,1
2024-11-23 08:29:00,101.22,1
2024-11-23 08:30:00,101.36,1
2024-11-23 08:31:00,101.3,1
2024-11-23 08:32:00,101.37,1
2024-11-23 08:33:00,101.78,1
2024-11-23 08:34:00,101.87,1
2024-11-23 08:35:00,102.07,1
2024-11-23 08:36:00,101.55,1
2024-11-23 08:37:00,101.52,1
2024-11-23 08:38:00,102.03,1
2024-11-23 08:39:00,101.85,1
2024-11-23 08:40:00,101.94,1
2024-11-23 08:41:00,102.23,1
2024-11-23 08:42:00,102.49,1
2024-11-23 08:43:00,102.28,1
2024-11-23 08:44:00,102.67,1
2024-11-23 08:45:00,102.45,1
2024-11-23 08:46:00,102.4,1
2024-11-23 08:47:00,102.2,1
2024-11-23 08:48:00,102.26,1
2024-11-23 08:49:00,102.62,1
2024-11-23 08:50:00,102.61,1
2024-11-23 08:51:00,102.85,1
2024-11-23 08:52:00,102.78,1
2024-11-23 08:53:00,103.03,1
2024-11-23 08:54:00,103.13,1
2024-11-23 08:55:00,102.95,1
2024-11-23 08:56:00,103.13,1
2024-11-23 08:57:00,103.17,1
2024-11-23 08:58:00,103.0,1
2024-11-23 08:59:00,103.12,1
2024-11-23 09:00:00,103.04,1
2024-11-23 09:01:00,103.56,1
2024-11-23 09:02:00,103.4,1
2024-11-23 09:03:00,103.45,1
2024-11-23 09:04:00,103.61,1
2024-11-23 09:05:00,103.57,1
2024-11-23 09:06:00,103.38,1
2024-11-23 09:07:00,103.28,1
2024-11-23 09:08:00,103.47,1
2024-11-23 09:09:00,103.64,1
2024-11-23 09:10:00,103.65,1
2024-11-23 09:11:00,104.0,1
2024-11-23 09:12:00,104.84,1
2024-11-23 09:13:00,104.11,1
2024-11-23 09:14:00,103.51,1
2024-11-23 09:15:00,103.55,1
2024-11-23 09:16:00,103.37,1
2024-11-23 09:17:00,103.49,1
2024-11-23 09:18:00,102.88,1
2024-11-23 09:19:00,102.42,1
2024-11-23 09:20:00,102.39,1
2024-11-23 09:21:00,102.41,1
2024-11-23 09:22:00,102.19,1
2024-11-23 09:23:00,102.28,1
2024-11-23 09:24:00,102.42,1
2024-11-23 09:25:00,102.41,1
2024-11-23 09:26:00,102.54,1
2024-11-23 09:27:00,102.73,1
2024-11-23 09:28:00,102.52,1
2024-11-23 09:29:00,102.67,1
2024-11-23 09:30:00,102.84,1
2024-11-23 09:31:00,102.82,1
2024-11-23 09:32:00,102.7,1
2024-11-23 09:33:00,102.84,1
2024-11-23 09:34:00,102.75,1
2024-11-23 09:35:00,102.56,1
2024-11-23 09:36:00,102.43,1
2024-11-23 09:37:00,102.14,1
2024-11-23 09:38:00,102.64,1
2024-11-23 09:39:00,102.76,1
2024-11-23 09:40:00,102.63,1
2024-11-23 09:41:00,102.74,1
2024-11-23 09:42:00,102.75,1
2024-11-23 09:43:00,102.62,1
2024-11-23 09:44:00,102.69,1
2024-11-23 09:45:00,103.02,1
2024-11-23 09:46:00,102.86,1
2024-11-23 09:47:00,102.89,1
2024-11-23 09:48:00,102.9,1
2024-11-23 09:49:00,102.77,1
2024-11-23 09:50:00,102.96,1
2024-11-23 09:51:00,102.96,1
2024-11-23 09:52:00,102.71,1
2024-11-23 09:53:00,102.74,1
2024-11-23 09:54:00,102.8,1
2024-11-23 09:55:00,102.77,1
2024-11-23 09:56:00,102.72,1
2024-11-23 09:57:00,102.47,1
2024-11-23 09:58:00,102.47,1
2024-11-23 09:59:00,102.36,1
2024-11-23 10:00:00,102.22,1
2024-11-23 10:01:00,102.35,1
2024-11-23 10:02:00,102.18,1
2024-11-23 10:03:00,101.88,1
2024-11-23 10:04:00,101.86,1
2024-11-23 10:05:00,101.93,1
2024-11-23 10:06:00,101.82,1
2024-11-23 10:07:00,101.91,1
2024-11-23 10:08:00,101.89,1
2024-11-23 10:09:00,101.92,1
2024-11-23 10:10:00,101.94,1
2024-11-23 10:11:00,101.94,1
2024-11-23 10:12:00,101.82,1
2024-11-23 10:13:00,101.58,1
2024-11-23 10:14:00,101.51,1
2024-11-23 10:15:00,101.74,1
2024-11-23 10:16:00,101.82,1
2024-11-23 10:17:00,102.16,1
2024-11-23 10:18:00,102.37,1
2024-11-23 10:19:00,102.36,1
2024-11-23 10:20:00,102.28,1
2024-11-23 10:21:00,102.49,1
2024-11-23 10:22:00,102.63,1
2024-11-23 10:23:00,102.56,1
2024-11-23 10:24:00,102.45,1
2024-11-23 10:25:00,102.45,1
2024-11-23 10:26:00,102.39,1
2024-11-23 10:27:00,102.5,1
2024-11-23 10:28:00,102.43,1
2024-11-23 10:29:00,102.49,1
2024-11-23 10:30:00,102.75,1
2024-11-23 10:31:00,102.63,1
2024-11-23 10:32:00,102.07,1
2024-11-23 10:33:00,102.12,1
2024-11-23 10:34:00,101.89,1
2024-11-23 10:35:00,101.96,1
2024-11-23 10:36:00,102.14,1
2024-11-23 10:37:00,102.14,1
2024-11-23 10:38:00,102.01,1
2024-11-23 10:39:00,101.87,1
2024-11-23 10:40:00,101.88,1
2024-11-23 10:41:00,101.82,1
2024-11-23 10:42:00,102.03,1
2024-11-23 10:43:00,101.92,1
2024-11-23 10:44:00,101.91,1
2024-11-23 10:45:00,101.97,1
2024-11-23 10:46:00,102.1,1
2024-11-23 10:47:00,102.3,1
2024-11-23 10:48:00,102.16,1
2024-11-23 10:49:00,102.27,1
2024-11-23 10:50:00,102.22,1
2024-11-23 10:51:00,102.32,1
2024-11-23 10:52:00,102.23,1
2024-11-23 10:53:00,102.1,1
2024-11-23 10:54:00,102.02,1
2024-11-23 10:55:00,102.02,1
2024-11-23 10:56:00,102.14,1
2024-11-23 10:57:00,102.09,1
2024-11-23 10:58:00,102.36,1
2024-11-23 10:59:00,102.54,1
2024-11-23 11:00:00,102.56,1
2024-11-23 11:01:00,102.57,1
2024-11-23 11:02:00,102.6,1
2024-11-23 11:03:00,102.56,1
2024-11-23 11:04:00,102.63,1
2024-11-23 11:05:00,102.68,1
2024-11-23 11:06:00,102.56,1
2024-11-23 11:07:00,102.3,1
2024-11-23 11:08:00,102.24,1
2024-11-23 11:09:00,102.23,1
2024-11-23 11:10:00,102.26,1
2024-11-23 11:11:00,102.07,1
2024-11-23 11:12:00,102.21,1
2024-11-23 11:13:00,102.21,1
2024-11-23 11:14:00,102.08,1
2024-11-23 11:15:00,102.44,1
2024-11-23 11:16:00,102.47,1
2024-11-23 11:17:00,102.37,1
2024-11-23 11:18:00,102.4,1
2024-11-23 11:19:00,102.39,1
2024-11-23 11:20:00,102.38,1
2024-11-23 11:21:00,102.54,1
2024-11-23 11:22:00,102.61,1
2024-11-23 11:23:00,102.65,1
2024-11-23 11:24:00,102.95,1
2024-11-23 11:25:00,102.97,1
2024-11-23 11:26:00,103.08,1
2024-11-23 11:27:00,103.15,1
2024-11-23 11:28:00,103.23,1
2024-11-23 11:29:00,102.94,1
2024-11-23 11:30:00,102.89,1
2024-11-23 11:31:00,102.64,1
2024-11-23 11:32:00,102.65,1
2024-11-23 11:33:00,102.79,1
2024-11-23 11:34:00,102.95,1
2024-11-23 11:35:00,102.86,1
2024-11-23 11:36:00,102.85,1
2024-11-23 11:37:00,102.87,1
2024-11-23 11:38:00,102.72,1
2024-11-23 11:39:00,102.6,1
2024-11-23 11:40:00,102.67,1
2024-11-23 11:41:00,103.0,1
2024-11-23 11:42:00,103.02,1
2024-11-23 11:43:00,102.92,1
2024-11-23 11:44:00,102.96,1
2024-11-23 11:45:00,102.85,1
2024-11-23 11:46:00,102.66,1
2024-11-23 11:47:00,102.86,1
2024-11-23 11:48:00,102.82,1
2024-11-23 11:49:00,102.95,1
2024-11-23 11:50:00,102.96,1
2024-11-23 11:51:00,103.28,1
2024-11-23 11:52:00,103.15,1
2024-11-23 11:53:00,103.15,1
2024-11-23 11:54:00,103.07,1
2024-11-23 11:55:00,103.03,1
2024-11-23 11:56:00,103.06,1
2024-11-23 11:57:00,103.08,1
2024-11-23 11:58:00,103.24,1
2024-11-23 11:59:00,102.96,1
2024-11-23 12:00:00,103.16,1
2024-11-23 12:01:00,103.22,1
2024-11-23 12:02:00,103.21,1
2024-11-23 12:03:00,103.34,1
2024-11-23 12:04:00,103.03,1
2024-11-23 12:05:00,102.94,1
2024-11-23 12:06:00,102.97,1
2024-11-23 12:07:00,103.31,1
2024-11-23 12:08:00,103.42,1
2024-11-23 12:09:00,103.81,1
2024-11-23 12:10:00,103.68,1
2024-11-23 12:11:00,103.4,1
2024-11-23 12:12:00,103.37,1
2024-11-23 12:13:00,103.61,1
2024-11-23 12:14:00,103.62,1
2024-11-23 12:15:00,103.72,1
2024-11-23 12:16:00,103.54,1
2024-11-23 12:17:00,103.5,1
2024-11-23 12:18:00,103.57,1
2024-11-23 12:19:00,103.64,1
2024-11-23 12:20:00,103.6,1
2024-11-23 12:21:00,103.47,1
2024-11-23 12:22:00,103.44,1
2024-11-23 12:23:00,103.15,1
2024-11-23 12:24:00,103.25,1
2024-11-23 12:25:00,103.16,1
2024-11-23 12:26:00,103.05,1
2024-11-23 12:27:00,102.73,1
2024-11-23 12:28:00,102.8,1
2024-11-23 12:29:00,102.93,1
2024-11-23 12:30:00,102.86,1
2024-11-23 12:31:00,103.01,1
2024-11-23 12:32:00,102.9,1
2024-11-23 12:33:00,102.88,1
2024-11-23 12:34:00,102.97,1
2024-11-23 12:35:00,103.01,1
2024-11-23 12:36:00,103.0,1
2024-11-23 12:37:00,103.15,1
2024-11-23 12:38:00,103.42,1
2024-11-23 12:39:00,103.4,1
2024-11-23 12:40:00,103.41,1
2024-11-23 12:41:00,103.35,1
2024-11-23 12:42:00,103.2,1
2024-11-23 12:43:00,103.01,1
2024-11-23 12:44:00,102.91,1
2024-11-23 12:45:00,102.92,1
2024-11-23 12:46:00,103.03,1
2024-11-23 12:47:00,102.89,1
2024-11-23 12:48:00,102.62,1
2024-11-23 12:49:00,102.32,1
2024-11-23 12:50:00,102.78,1
2024-11-23 12:51:00,102.34,1
2024-11-23 12:52:00,102.2,1
2024-11-23 12:53:00,102.03,1
2024-11-23 12:54:00,102.24,1
2024-11-23 12:55:00,102.33,1
2024-11-23 12:56:00,102.57,1
2024-11-23 12:57:00,102.36,1
2024-11-23 12:58:00,102.45,1
2024-11-23 12:59:00,102.45,1
2024-11-23 13:00:00,102.39,1
2024-11-23 13:01:00,102.51,1
2024-11-23 13:02:00,102.54,1
2024-11-23 13:03:00,102.52,1
2024-11-23 13:04:00,102.64,1
2024-11-23 13:05:00,102.67,1
2024-11-23 13:06:00,102.68,1
2024-11-23 13:07:00,102.53,1
2024-11-23 13:08:00,102.69,1
2024-11-23 13:09:00,102.71,1
2024-11-23 13:10:00,102.77,1
2024-11-23 13:11:00,102.67,1
2024-11-23 13:12:00,102.65,1
2024-11-23 13:13:00,102.64,1
2024-11-23 13:14:00,102.59,1
2024-11-23 13:15:00,102.73,1
2024-11-23 13:16:00,102.66,1
2024-11-23 13:17:00,102.75,1
2024-11-23 13:18:00,102.72,1
2024-11-23 13:19:00,102.95,1
2024-11-23 13:20:00,103.05,1
2024-11-23 13:21:00,103.03,1
2024-11-23 13:22:00,102.89,1
2024-11-23 13:23:00,103.25,1
2024-11-23 13:24:00,103.06,1
2024-11-23 13:25:00,103.12,1
2024-11-23 13:26:00,103.06,1
2024-11-23 13:27:00,102.96,1
2024-11-23 13:28:00,103.11,1
2024-11-23 13:29:00,102.98,1
2024-11-23 13:30:00,102.92,1
2024-11-23 13:31:00,102.91,1
2024-11-23 13:32:00,102.79,1
2024-11-23 13:33:00,103.04,1
2024-11-23 13:34:00,103.08,1
2024-11-23 13:35:00,103.06,1
2024-11-23 13:36:00,103.07,1
2024-11-23 13:37:00,103.25,1
2024-11-23 13:38:00,103.33,1
2024-11-23 13:39:00,103.42,1
2024-11-23 13:40:00,103.47,1
2024-11-23 13:41:00,103.49,1
2024-11-23 13:42:00,103.39,1
2024-11-23 13:43:00,103.38,1
2024-11-23 13:44:00,103.3,1
2024-11-23 13:45:00,103.18,1
2024-11-23 13:46:00,103.25,1
2024-11-23 13:47:00,102.82,1
2024-11-23 13:48:00,102.86,1
2024-11-23 13:49:00,102.79,1
2024-11-23 13:50:00,102.77,1
2024-11-23 13:51:00,102.73,1
2024-11-23 13:52:00,102.52,1
2024-11-23 13:53:00,102.49,1
2024-11-23 13:54:00,102.49,1
2024-11-23 13:55:00,102.31,1
2024-11-23 13:56:00,102.45,1
2024-11-23 13:57:00,102.47,1
2024-11-23 13:58:00,102.57,1
2024-11-23 13:59:00,102.53,1
2024-11-23 14:00:00,102.25,1
2024-11-23 14:01:00,102.14,1
2024-11-23 14:02:00,102.34,1
2024-11-23 14:03:00,102.26,1
2024-11-23 14:04:00,102.27,1
2024-11-23 14:05:00,102.35,1
2024-11-23 14:06:00,102.57,1
2024-11-23 14:07:00,102.7,1
2024-11-23 14:08:00,102.72,1
2024-11-23 14:09:00,102.77,1
2024-11-23 14:10:00,102.64,1
2024-11-23 14:11:00,102.64,1
2024-11-23 14:12:00,102.59,1
2024-11-23 14:13:00,102.56,1
2024-11-23 14:14:00,102.51,1
2024-11-23 14:15:00,102.15,1
2024-11-23 14:16:00,102.19,1
2024-11-23 14:17:00,102.3,1
2024-11-23 14:18:00,102.45,1
2024-11-23 14:19:00,102.44,1
2024-11-23 14:20:00,102.51,1
2024-11-23 14:21:00,102.66,1
2024-11-23 14:22:00,102.76,1
2024-11-23 14:23:00,103.22,1
2024-11-23 14:24:00,103.08,1
2024-11-23 14:25:00,103.36,1
2024-11-23 14:26:00,103.1,1
2024-11-23 14:27:00,102.94,1
2024-11-23 14:28:00,102.81,1
2024-11-23 14:29:00,103.19,1
2024-11-23 14:30:00,103.19,1
2024-11-23 14:31:00,103.11,1
2024-11-23 14:32:00,103.03,1
2024-11-23 14:33:00,103.02,1
2024-11-23 14:34:00,102.94,1
2024-11-23 14:35:00,102.85,1
2024-11-23 14:36:00,102.91,1
2024-11-23 14:37:00,102.99,1
2024-11-23 14:38:00,102.78,1
2024-11-23 14:39:00,102.5,1
2024-11-23 14:40:00,102.5,1
2024-11-23 14:41:00,102.51,1
2024-11-23 14:42:00,102.55,1
2024-11-23 14:43:00,102.59,1
2024-11-23 14:44:00,102.69,1
2024-11-23 14:45:00,102.58,1
2024-11-23 14:46:00,102.62,1
2024-11-23 14:47:00,102.74,1
2024-11-23 14:48:00,102.66,1
2024-11-23 14:49:00,102.55,1
2024-11-23 14:50:00,102.7,1
2024-11-23 14:51:00,102.87,1
2024-11-23 14:52:00,102.78,1
2024-11-23 14:53:00,102.76,1
2024-11-23 14:54:00,102.76,1
2024-11-23 14:55:00,102.66,1
2024-11-23 14:56:00,102.52,1
2024-11-23 14:57:00,102.57,1
2024-11-23 14:58:00,102.63,1
2024-11-23 14:59:00,102.61,1
2024-11-23 15:00:00,102.7,1
2024-11-23 15:01:00,102.66,1
2024-11-23 15:02:00,102.69,1
2024-11-23 15:03:00,102.95,1
2024-11-23 15:04:00,103.0,1
2024-11-23 15:05:00,102.98,1
2024-11-23 15:06:00,103.07,1
2024-11-23 15:07:00,103.18,1
2024-11-23 15:08:00,103.08,1
2024-11-23 15:09:00,103.73,1
2024-11-23 15:10:00,103.49,1
2024-11-23 15:11:00,103.49,1
2024-11-23 15:12:00,103.19,1
2024-11-23 15:13:00,103.44,1
2024-11-23 15:14:00,103.17,1
2024-11-23 15:15:00,103.4,1
2024-11-23 15:16:00,103.33,1
2024-11-23 15:17:00,104.32,1
2024-11-23 15:18:00,104.43,1
2024-11-23 15:19:00,104.44,1
2024-11-23 15:20:00,104.69,1
2024-11-23 15:21:00,104.98,1
2024-11-23 15:22:00,105.03,1
2024-11-23 15:23:00,104.85,1
2024-11-23 15:24:00,104.66,1
2024-11-23 15:25:00,104.25,1
2024-11-23 15:26:00,103.93,1
2024-11-23 15:27:00,102.82,1
2024-11-23 15:28:00,103.65,1
2024-11-23 15:29:00,103.38,1
2024-11-23 15:30:00,103.3,1
2024-11-23 15:31:00,103.64,1
2024-11-23 15:32:00,103.45,1
2024-11-23 15:33:00,103.64,1
2024-11-23 15:34:00,103.54,1
2024-11-23 15:35:00,103.45,1
2024-11-23 15:36:00,103.6,1
2024-11-23 15:37:00,103.94,1
2024-11-23 15:38:00,104.2,1
2024-11-23 15:39:00,104.16,1
2024-11-23 15:40:00,103.94,1
2024-11-23 15:41:00,103.75,1
2024-11-23 15:42:00,103.72,1
2024-11-23 15:43:00,103.53,1
2024-11-23 15:44:00,103.74,1
2024-11-23 15:45:00,103.6,1
2024-11-23 15:46:00,103.62,1
2024-11-23 15:47:00,103.23,1
2024-11-23 15:48:00,102.51,1
2024-11-23 15:49:00,102.36,1
2024-11-23 15:50:00,102.36,1
2024-11-23 15:51:00,103.02,1
2024-11-23 15:52:00,102.9,1
2024-11-23 15:53:00,102.95,1
2024-11-23 15:54:00,103.11,1
2024-11-23 15:55:00,103.02,1
2024-11-23 15:56:00,102.84,1
2024-11-23 15:57:00,102.59,1
2024-11-23 15:58:00,102.86,1
2024-11-23 15:59:00,102.79,1
2024-11-23 16:00:00,102.9,1
2024-11-23 16:01:00,102.75,1
2024-11-23 16:02:00,102.97,1
2024-11-23 16:03:00,103.1,1
2024-11-23 16:04:00,103.73,1
2024-11-23 16:05:00,103.92,1
2024-11-23 16:06:00,104.4,1
2024-11-23 16:07:00,104.73,1
2024-11-23 16:08:00,104.68,1
2024-11-23 16:09:00,105.0,1
2024-11-23 16:10:00,105.68,1
2024-11-23 16:11:00,105.21,1
2024-11-23 16:12:00,105.9,1
2024-11-23 16:13:00,106.12,1
2024-11-23 16:14:00,105.43,1
2024-11-23 16:15:00,105.65,1
2024-11-23 16:16:00,104.95,1
2024-11-23 16:17:00,103.25,1
2024-11-23 16:18:00,102.1,1
2024-11-23 16:19:00,103.43,1
2024-11-23 16:20:00,102.26,1
2024-11-23 16:21:00,102.81,1
2024-11-23 16:22:00,102.23,1
2024-11-23 16:23:00,100.47,1
2024-11-23 16:24:00,98.33,1
2024-11-23 16:25:00,100.6,1
2024-11-23 16:26:00,100.03,1
2024-11-23 16:27:00,100.66,1
2024-11-23 16:28:00,100.1,1
2024-11-23 16:29:00,99.83,1
2024-11-23 16:30:00,98.76,1
2024-11-23 16:31:00,100.23,1
2024-11-23 16:32:00,99.76,1
2024-11-23 16:33:00,99.79,1
2024-11-23 16:34:00,99.91,1
2024-11-23 16:35:00,100.19,1
2024-11-23 16:36:00,100.09,1
2024-11-23 16:37:00,98.79,1
2024-11-23 16:38:00,98.61,1
2024-11-23 16:39:00,98.39,1
2024-11-23 16:40:00,98.86,1
2024-11-23 16:41:00,99.33,1
2024-11-23 16:42:00,98.85,1
2024-11-23 16:43:00,99.14,1
2024-11-23 16:44:00,99.38,1
2024-11-23 16:45:00,99.56,1
2024-11-23 16:46:00,99.01,1
2024-11-23 16:47:00,99.08,1
2024-11-23 16:48:00,98.48,1
2024-11-23 16:49:00,98.8,1
2024-11-23 16:50:00,98.95,1
2024-11-23 16:51:00,99.28,1
2024-11-23 16:52:00,99.12,1
2024-11-23 16:53:00,98.43,1
2024-11-23 16:54:00,98.1,1
2024-11-23 16:55:00,98.78,1
2024-11-23 16:56:00,98.75,1
2024-11-23 16:57:00,98.17,1
2024-11-23 16:58:00,98.34,1
2024-11-23 16:59:00,98.77,1
2024-11-23 17:00:00,98.71,1
2024-11-23 17:01:00,98.83,1
2024-11-23 17:02:00,98.69,1
2024-11-23 17:03:00,98.25,1
2024-11-23 17:04:00,98.31,1
2024-11-23 17:05:00,97.47,1
2024-11-23 17:06:00,97.77,1
2024-11-23 17:07:00,97.6,1
2024-11-23 17:08:00,97.2,1
2024-11-23 17:09:00,97.2,1
2024-11-23 17:10:00,97.73,1
2024-11-23 17:11:00,97.76,1
2024-11-23 17:12:00,98.39,1
2024-11-23 17:13:00,98.64,1
2024-11-23 17:14:00,98.5,1
2024-11-23 17:15:00,98.52,1
2024-11-23 17:16:00,98.13,1
2024-11-23 17:17:00,98.18,1
2024-11-23 17:18:00,98.05,1
2024-11-23 17:19:00,98.22,1
2024-11-23 17:20:00,98.61,1
2024-11-23 17:21:00,98.27,1
2024-11-23 17:22:00,98.41,1
2024-11-23 17:23:00,98.53,1
2024-11-23 17:24:00,98.9,1
2024-11-23 17:25:00,99.0,1
2024-11-23 17:26:00,98.82,1
2024-11-23 17:27:00,98.62,1
2024-11-23 17:28:00,98.72,1
2024-11-23 17:29:00,99.14,1
2024-11-23 17:30:00,99.49,1
2024-11-23 17:31:00,99.31,1
2024-11-23 17:32:00,99.21,1
2024-11-23 17:33:00,98.88,1
2024-11-23 17:34:00,99.28,1
2024-11-23 17:35:00,99.24,1
2024-11-23 17:36:00,99.16,1
2024-11-23 17:37:00,99.36,1
2024-11-23 17:38:00,99.21,1
2024-11-23 17:39:00,99.25,1
2024-11-23 17:40:00,99.35,1
2024-11-23 17:41:00,99.12,1
2024-11-23 17:42:00,99.22,1
2024-11-23 17:43:00,99.32,1
2024-11-23 17:44:00,99.14,1
2024-11-23 17:45:00,99.43,1
2024-11-23 17:46:00,99.3,1
2024-11-23 17:47:00,99.12,1
2024-11-23 17:48:00,99.27,1
2024-11-23 17:49:00,99.16,1
2024-11-23 17:50:00,99.42,1
2024-11-23 17:51:00,99.24,1
2024-11-23 17:52:00,99.02,1
2024-11-23 17:53:00,98.7,1
2024-11-23 17:54:00,98.61,1
2024-11-23 17:55:00,98.86,1
2024-11-23 17:56:00,98.91,1
2024-11-23 17:57:00,98.94,1
2024-11-23 17:58:00,98.92,1
2024-11-23 17:59:00,99.02,1
2024-11-23 18:00:00,99.14,1
2024-11-23 18:01:00,98.88,1
2024-11-23 18:02:00,98.7,1
2024-11-23 18:03:00,98.43,1
2024-11-23 18:04:00,98.09,1
2024-11-23 18:05:00,98.16,1
2024-11-23 18:06:00,98.57,1
2024-11-23 18:07:00,98.37,1
2024-11-23 18:08:00,98.24,1
2024-11-23 18:09:00,98.39,1
2024-11-23 18:10:00,98.38,1
2024-11-23 18:11:00,98.66,1
2024-11-23 18:12:00,98.91,1
2024-11-23 18:13:00,98.92,1
2024-11-23 18:14:00,98.82,1
2024-11-23 18:15:00,98.63,1
2024-11-23 18:16:00,98.6,1
2024-11-23 18:17:00,98.67,1
2024-11-23 18:18:00,98.26,1
2024-11-23 18:19:00,98.41,1
2024-11-23 18:20:00,98.38,1
2024-11-23 18:21:00,98.11,1
2024-11-23 18:22:00,98.35,1
2024-11-23 18:23:00,98.18,1
2024-11-23 18:24:00,97.81,1
2024-11-23 18:25:00,98.13,1
2024-11-23 18:26:00,97.95,1
2024-11-23 18:27:00,98.15,1
2024-11-23 18:28:00,98.32,1
2024-11-23 18:29:00,98.3,1
2024-11-23 18:30:00,98.5,1
2024-11-23 18:31:00,98.29,1
2024-11-23 18:32:00,98.06,1
2024-11-23 18:33:00,98.14,1
2024-11-23 18:34:00,97.99,1
2024-11-23 18:35:00,98.28,1
2024-11-23 18:36:00,98.42,1
2024-11-23 18:37:00,98.54,1
2024-11-23 18:38:00,98.47,1
2024-11-23 18:39:00,98.54,1
2024-11-23 18:40:00,98.44,1
2024-11-23 18:41:00,98.59,1
2024-11-23 18:42:00,98.92,1
2024-11-23 18:43:00,98.79,1
2024-11-23 18:44:00,99.06,1
2024-11-23 18:45:00,98.97,1
2024-11-23 18:46:00,99.09,1
2024-11-23 18:47:00,99.11,1
2024-11-23 18:48:00,99.33,1
2024-11-23 18:49:00,99.12,1
2024-11-23 18:50:00,99.11,1
2024-11-23 18:51:00,99.12,1
2024-11-23 18:52:00,98.96,1
2024-11-23 18:53:00,99.06,1
2024-11-23 18:54:00,99.11,1
2024-11-23 18:55:00,99.35,1
2024-11-23 18:56:00,99.51,1
2024-11-23 18:57:00,99.56,1
2024-11-23 18:58:00,99.63,1
2024-11-23 18:59:00,99.74,1
2024-11-23 19:00:00,99.74,1
2024-11-23 19:01:00,99.25,1
2024-11-23 19:02:00,99.32,1
2024-11-23 19:03:00,99.35,1
2024-11-23 19:04:00,99.25,1
2024-11-23 19:05:00,99.29,1
2024-11-23 19:06:00,99.36,1
2024-11-23 19:07:00,99.67,1
2024-11-23 19:08:00,99.45,1
2024-11-23 19:09:00,99.53,1
2024-11-23 19:10:00,99.48,1
2024-11-23 19:11:00,99.46,1
2024-11-23 19:12:00,99.56,1
2024-11-23 19:13:00,99.36,1
2024-11-23 19:14:00,99.14,1
2024-11-23 19:15:00,99.27,1
2024-11-23 19:16:00,99.33,1
2024-11-23 19:17:00,99.48,1
2024-11-23 19:18:00,99.55,1
2024-11-23 19:19:00,99.65,1
2024-11-23 19:20:00,99.6,1
2024-11-23 19:21:00,99.65,1
2024-11-23 19:22:00,99.68,1
2024-11-23 19:23:00,99.89,1
2024-11-23 19:24:00,100.07,1
2024-11-23 19:25:00,99.96,1
2024-11-23 19:26:00,99.98,1
2024-11-23 19:27:00,99.82,1
2024-11-23 19:28:00,99.55,1
2024-11-23 19:29:00,99.38,1
2024-11-23 19:30:00,99.47,1
2024-11-23 19:31:00,99.52,1
2024-11-23 19:32:00,99.43,1
2024-11-23 19:33:00,99.32,1
2024-11-23 19:34:00,99.05,1
2024-11-23 19:35:00,98.92,1
2024-11-23 19:36:00,98.47,1
2024-11-23 19:37:00,98.73,1
2024-11-23 19:38:00,98.84,1
2024-11-23 19:39:00,98.73,1
2024-11-23 19:40:00,98.74,1
2024-11-23 19:41:00,98.57,1
2024-11-23 19:42:00,98.76,1
2024-11-23 19:43:00,98.61,1
2024-11-23 19:44:00,98.6,1
2024-11-23 19:45:00,98.28,1
2024-11-23 19:46:00,98.62,1
2024-11-23 19:47:00,98.73,1
2024-11-23 19:48:00,98.62,1
2024-11-23 19:49:00,98.67,1
2024-11-23 19:50:00,98.79,1
2024-11-23 19:51:00,98.69,1
2024-11-23 19:52:00,99.03,1
2024-11-23 19:53:00,98.79,1
2024-11-23 19:54:00,98.79,1
2024-11-23 19:55:00,98.47,1
2024-11-23 19:56:00,98.56,1
2024-11-23 19:57:00,98.79,1
2024-11-23 19:58:00,98.53,1
2024-11-23 19:59:00,98.72,1
2024-11-23 20:00:00,98.67,1
2024-11-23 20:01:00,98.58,1
2024-11-23 20:02:00,98.3,1
2024-11-23 20:03:00,98.19,1
2024-11-23 20:04:00,98.09,1
2024-11-23 20:05:00,98.89,1
2024-11-23 20:06:00,98.54,1
2024-11-23 20:07:00,98.24,1
2024-11-23 20:08:00,98.24,1
2024-11-23 20:09:00,98.14,1
2024-11-23 20:10:00,98.2,1
2024-11-23 20:11:00,97.94,1
2024-11-23 20:12:00,97.79,1
2024-11-23 20:13:00,97.59,1
2024-11-23 20:14:00,97.43,1
2024-11-23 20:15:00,97.13,1
2024-11-23 20:16:00,97.46,1
2024-11-23 20:17:00,97.52,1
2024-11-23 20:18:00,97.68,1
2024-11-23 20:19:00,97.69,1
2024-11-23 20:20:00,97.4,1
2024-11-23 20:21:00,97.06,1
2024-11-23 20:22:00,97.35,1
2024-11-23 20:23:00,97.53,1
2024-11-23 20:24:00,97.58,1
2024-11-23 20:25:00,97.67,1
2024-11-23 20:26:00,97.18,1
2024-11-23 20:27:00,97.13,1
2024-11-23 20:28:00,96.53,1
2024-11-23 20:29:00,96.47,1
2024-11-23 20:30:00,96.4,1
2024-11-23 20:31:00,96.83,1
2024-11-23 20:32:00,96.81,1
2024-11-23 20:33:00,96.96,1
2024-11-23 20:34:00,97.47,1
2024-11-23 20:35:00,97.96,1
2024-11-23 20:36:00,97.24,1
2024-11-23 20:37:00,97.91,1
2024-11-23 20:38:00,97.44,1
2024-11-23 20:39:00,97.61,1
2024-11-23 20:40:00,97.54,1
2024-11-23 20:41:00,97.22,1
2024-11-23 20:42:00,97.32,1
2024-11-23 20:43:00,97.87,1
2024-11-23 20:44:00,98.05,1
2024-11-23 20:45:00,98.14,1
2024-11-23 20:46:00,98.14,1
2024-11-23 20:47:00,98.24,1
2024-11-23 20:48:00,98.33,1
2024-11-23 20:49:00,97.96,1
2024-11-23 20:50:00,98.35,1
2024-11-23 20:51:00,98.12,1
2024-11-23 20:52:00,98.15,1
2024-11-23 20:53:00,98.21,1
2024-11-23 20:54:00,98.21,1
2024-11-23 20:55:00,98.23,1
2024-11-23 20:56:00,98.64,1
2024-11-23 20:57:00,98.63,1
2024-11-23 20:58:00,98.37,1
2024-11-23 20:59:00,98.31,1
2024-11-23 21:00:00,98.38,1
2024-11-23 21:01:00,98.57,1
2024-11-23 21:02:00,98.67,1
2024-11-23 21:03:00,98.33,1
2024-11-23 21:04:00,98.52,1
2024-11-23 21:05:00,98.35,1
2024-11-23 21:06:00,98.56,1
2024-11-23 21:07:00,98.37,1
2024-11-23 21:08:00,98.47,1
2024-11-23 21:09:00,98.63,1
2024-11-23 21:10:00,98.68,1
2024-11-23 21:11:00,98.97,1
2024-11-23 21:12:00,98.96,1
2024-11-23 21:13:00,98.98,1
2024-11-23 21:14:00,98.94,1
2024-11-23 21:15:00,98.82,1
2024-11-23 21:16:00,99.18,1
2024-11-23 21:17:00,98.8,1
2024-11-23 21:18:00,98.73,1
2024-11-23 21:19:00,98.73,1
2024-11-23 21:20:00,98.86,1
2024-11-23 21:21:00,98.74,1
2024-11-23 21:22:00,98.37,1
2024-11-23 21:23:00,98.37,1
2024-11-23 21:24:00,98.42,1
2024-11-23 21:25:00,98.5,1
2024-11-23 21:26:00,98.56,1
2024-11-23 21:27:00,98.69,1
2024-11-23 21:28:00,98.73,1
2024-11-23 21:29:00,98.82,1
2024-11-23 21:30:00,98.84,1
2024-11-23 21:31:00,98.8,1
2024-11-23 21:32:00,98.93,1
2024-11-23 21:33:00,99.03,1
2024-11-23 21:34:00,99.15,1
2024-11-23 21:35:00,99.11,1
2024-11-23 21:36:00,99.22,1
2024-11-23 21:37:00,99.17,1
2024-11-23 21:38:00,99.18,1
2024-11-23 21:39:00,99.3,1
2024-11-23 21:40:00,99.39,1
2024-11-23 21:41:00,99.27,1
2024-11-23 21:42:00,99.28,1
2024-11-23 21:43:00,99.24,1
2024-11-23 21:44:00,99.15,1
2024-11-23 21:45:00,99.3,1
2024-11-23 21:46:00,99.21,1
2024-11-23 21:47:00,99.05,1
2024-11-23 21:48:00,99.18,1
2024-11-23 21:49:00,99.08,1
2024-11-23 21:50:00,99.08,1
2024-11-23 21:51:00,99.11,1
2024-11-23 21:52:00,99.18,1
2024-11-23 21:53:00,99.27,1
2024-11-23 21:54:00,99.18,1
2024-11-23 21:55:00,99.22,1
2024-11-23 21:56:00,99.18,1
2024-11-23 21:57:00,99.32,1
2024-11-23 21:58:00,99.39,1
2024-11-23 21:59:00,99.42,1
2024-11-23 22:00:00,99.5,1
2024-11-23 22:01:00,99.48,1
2024-11-23 22:02:00,99.58,1
2024-11-23 22:03:00,99.51,1
2024-11-23 22:04:00,99.38,1
2024-11-23 22:05:00,99.38,1
2024-11-23 22:06:00,99.35,1
2024-11-23 22:07:00,99.37,1
2024-11-23 22:08:00,99.27,1
2024-11-23 22:09:00,99.21,1
2024-11-23 22:10:00,99.21,1
2024-11-23 22:11:00,99.22,1
2024-11-23 22:12:00,99.18,1
2024-11-23 22:13:00,99.0,1
2024-11-23 22:14:00,99.18,1
2024-11-23 22:15:00,99.32,1
2024-11-23 22:16:00,99.78,1
2024-11-23 22:17:00,99.54,1
2024-11-23 22:18:00,99.16,1
2024-11-23 22:19:00,99.25,1
2024-11-23 22:20:00,99.39,1
2024-11-23 22:21:00,99.53,1
2024-11-23 22:22:00,99.46,1
2024-11-23 22:23:00,99.56,1
2024-11-23 22:24:00,99.55,1
2024-11-23 22:25:00,99.53,1
2024-11-23 22:26:00,99.37,1
2024-11-23 22:27:00,99.25,1
2024-11-23 22:28:00,99.19,1
2024-11-23 22:29:00,99.14,1
2024-11-23 22:30:00,99.15,1
2024-11-23 22:31:00,99.17,1
2024-11-23 22:32:00,99.11,1
2024-11-23 22:33:00,99.08,1
2024-11-23 22:34:00,98.8,1
2024-11-23 22:35:00,98.51,1
2024-11-23 22:36:00,98.51,1
2024-11-23 22:37:00,98.69,1
2024-11-23 22:38:00,98.64,1
2024-11-23 22:39:00,98.74,1
2024-11-23 22:40:00,98.71,1
2024-11-23 22:41:00,98.75,1
2024-11-23 22:42:00,98.8,1
2024-11-23 22:43:00,98.75,1
2024-11-23 22:44:00,98.93,1
2024-11-23 22:45:00,98.92,1
2024-11-23 22:46:00,98.95,1
2024-11-23 22:47:00,98.95,1
2024-11-23 22:48:00,98.96,1
2024-11-23 22:49:00,99.1,1
2024-11-23 22:50:00,99.19,1
2024-11-23 22:51:00,99.17,1
2024-11-23 22:52:00,99.11,1
2024-11-23 22:53:00,99.05,1
2024-11-23 22:54:00,99.17,1
2024-11-23 22:55:00,99.29,1
2024-11-23 22:56:00,99.09,1
2024-11-23 22:57:00,99.03,1
2024-11-23 22:58:00,99.02,1
2024-11-23 22:59:00,99.02,1
2024-11-23 23:00:00,99.01,1
2024-11-23 23:01:00,98.96,1
2024-11-23 23:02:00,98.82,1
2024-11-23 23:03:00,98.6,1
2024-11-23 23:04:00,98.54,1
2024-11-23 23:05:00,98.42,1
2024-11-23 23:06:00,98.66,1
2024-11-23 23:07:00,98.89,1
2024-11-23 23:08:00,98.95,1
2024-11-23 23:09:00,98.99,1
2024-11-23 23:10:00,98.81,1
2024-11-23 23:11:00,98.92,1
2024-11-23 23:12:00,98.94,1
2024-11-23 23:13:00,98.99,1
2024-11-23 23:14:00,99.03,1
2024-11-23 23:15:00,98.99,1
2024-11-23 23:16:00,99.15,1
2024-11-23 23:17:00,99.33,1
2024-11-23 23:18:00,99.24,1
2024-11-23 23:19:00,99.07,1
2024-11-23 23:20:00,98.88,1
2024-11-23 23:21:00,98.96,1
2024-11-23 23:22:00,98.79,1
2024-11-23 23:23:00,98.71,1
2024-11-23 23:24:00,98.38,1
2024-11-23 23:25:00,98.53,1
2024-11-23 23:26:00,98.64,1
2024-11-23 23:27:00,98.65,1
2024-11-23 23:28:00,98.63,1
2024-11-23 23:29:00,98.3,1
2024-11-23 23:30:00,98.7,1
2024-11-23 23:31:00,98.7,1
2024-11-23 23:32:00,98.97,1
2024-11-23 23:33:00,99.0,1
2024-11-23 23:34:00,98.97,1
2024-11-23 23:35:00,99.01,1
2024-11-23 23:36:00,99.21,1
2024-11-23 23:37:00,99.21,1
2024-11-23 23:38:00,99.07,1
2024-11-23 23:39:00,99.01,1
2024-11-23 23:40:00,99.21,1
2024-11-23 23:41:00,99.2,1
2024-11-23 23:42:00,99.39,1
2024-11-23 23:43:00,99.3,1
2024-11-23 23:44:00,99.45,1
2024-11-23 23:45:00,99.64,1
2024-11-23 23:46:00,99.51,1
2024-11-23 23:47:00,99.54,1
2024-11-23 23:48:00,99.32,1
2024-11-23 23:49:00,99.2,1
2024-11-23 23:50:00,99.09,1
2024-11-23 23:51:00,99.05,1
2024-11-23 23:52:00,98.85,1
2024-11-23 23:53:00,99.01,1
2024-11-23 23:54:00,99.26,1
2024-11-23 23:55:00,99.4,1
2024-11-23 23:56:00,99.38,1
2024-11-23 23:57:00,99.34,1
2024-11-23 23:58:00,99.44,1
2024-11-23 23:59:00,99.43,1
2024-11-24 00:00:00,99.5,1
2024-11-24 00:01:00,99.22,1
2024-11-24 00:02:00,99.5,1
2024-11-24 00:03:00,99.52,1
2024-11-24 00:04:00,99.66,1
2024-11-24 00:05:00,99.69,1
2024-11-24 00:06:00,99.91,1
2024-11-24 00:07:00,99.68,1
2024-11-24 00:08:00,99.45,1
2024-11-24 00:09:00,99.91,1
2024-11-24 00:10:00,99.8,1
2024-11-24 00:11:00,99.98,1
2024-11-24 00:12:00,100.08,1
2024-11-24 00:13:00,100.15,1
2024-11-24 00:14:00,100.05,1
2024-11-24 00:15:00,100.22,1
2024-11-24 00:16:00,100.12,1
2024-11-24 00:17:00,100.2,1
2024-11-24 00:18:00,100.11,1
2024-11-24 00:19:00,100.5,1
2024-11-24 00:20:00,100.42,1
2024-11-24 00:21:00,100.56,1
2024-11-24 00:22:00,100.52,1
2024-11-24 00:23:00,100.33,1
2024-11-24 00:24:00,100.29,1
2024-11-24 00:25:00,100.45,1
2024-11-24 00:26:00,100.24,1
2024-11-24 00:27:00,100.36,1
2024-11-24 00:28:00,100.55,1
2024-11-24 00:29:00,100.69,1
2024-11-24 00:30:00,100.71,1
2024-11-24 00:31:00,100.47,1
2024-11-24 00:32:00,100.52,1
2024-11-24 00:33:00,100.42,1
2024-11-24 00:34:00,100.36,1
2024-11-24 00:35:00,100.3,1
2024-11-24 00:36:00,100.01,1
2024-11-24 00:37:00,100.29,1
2024-11-24 00:38:00,100.07,1
2024-11-24 00:39:00,100.03,1
2024-11-24 00:40:00,99.87,1
2024-11-24 00:41:00,100.23,1
2024-11-24 00:42:00,99.96,1
2024-11-24 00:43:00,100.05,1
2024-11-24 00:44:00,100.18,1
2024-11-24 00:45:00,100.17,1
2024-11-24 00:46:00,100.5,1
2024-11-24 00:47:00,100.61,1
2024-11-24 00:48:00,100.57,1
2024-11-24 00:49:00,100.61,1
2024-11-24 00:50:00,100.74,1
2024-11-24 00:51:00,100.98,1
2024-11-24 00:52:00,101.06,1
2024-11-24 00:53:00,101.85,1
2024-11-24 00:54:00,101.31,1
2024-11-24 00:55:00,101.4,1
2024-11-24 00:56:00,101.37,1
2024-11-24 00:57:00,101.36,1
2024-11-24 00:58:00,101.26,1
2024-11-24 00:59:00,101.23,1
2024-11-24 01:00:00,101.34,1
2024-11-24 01:01:00,101.46,1
2024-11-24 01:02:00,101.73,1
2024-11-24 01:03:00,101.73,1
2024-11-24 01:04:00,101.54,1
2024-11-24 01:05:00,101.5,1
2024-11-24 01:06:00,101.47,1
2024-11-24 01:07:00,101.4,1
2024-11-24 01:08:00,101.31,1
2024-11-24 01:09:00,101.21,1
2024-11-24 01:10:00,101.14,1
2024-11-24 01:11:00,100.95,1
2024-11-24 01:12:00,100.91,1
2024-11-24 01:13:00,101.08,1
2024-11-24 01:14:00,100.98,1
2024-11-24 01:15:00,100.82,1
2024-11-24 01:16:00,100.76,1
2024-11-24 01:17:00,100.74,1
2024-11-24 01:18:00,100.85,1
2024-11-24 01:19:00,100.88,1
2024-11-24 01:20:00,100.91,1
2024-11-24 01:21:00,101.05,1
2024-11-24 01:22:00,101.13,1
2024-11-24 01:23:00,100.89,1
2024-11-24 01:24:00,100.78,1
2024-11-24 01:25:00,100.8,1
2024-11-24 01:26:00,100.86,1
2024-11-24 01:27:00,100.81,1
2024-11-24 01:28:00,100.64,1
2024-11-24 01:29:00,100.7,1
2024-11-24 01:30:00,100.79,1
2024-11-24 01:31:00,100.84,1
2024-11-24 01:32:00,100.93,1
2024-11-24 01:33:00,100.87,1
2024-11-24 01:34:00,100.86,1
2024-11-24 01:35:00,100.67,1
2024-11-24 01:36:00,100.65,1
2024-11-24 01:37:00,100.55,1
2024-11-24 01:38:00,100.5,1
2024-11-24 01:39:00,100.47,1
2024-11-24 01:40:00,100.63,1
2024-11-24 01:41:00,100.68,1
2024-11-24 01:42:00,100.74,1
2024-11-24 01:43:00,100.74,1
2024-11-24 01:44:00,100.61,1
2024-11-24 01:45:00,100.62,1
2024-11-24 01:46:00,100.63,1
2024-11-24 01:47:00,100.73,1
2024-11-24 01:48:00,100.78,1
2024-11-24 01:49:00,100.81,1
2024-11-24 01:50:00,100.81,1
2024-11-24 01:51:00,100.85,1
2024-11-24 01:52:00,100.82,1
2024-11-24 01:53:00,100.91,1
2024-11-24 01:54:00,100.84,1
2024-11-24 01:55:00,100.9,1
2024-11-24 01:56:00,100.94,1
2024-11-24 01:57:00,100.84,1
2024-11-24 01:58:00,100.78,1
2024-11-24 01:59:00,100.82,1
2024-11-24 02:00:00,100.8,1
2024-11-24 02:01:00,100.74,1
2024-11-24 02:02:00,100.9,1
2024-11-24 02:03:00,100.95,1
2024-11-24 02:04:00,101.0,1
2024-11-24 02:05:00,101.06,1
2024-11-24 02:06:00,101.29,1
2024-11-24 02:07:00,101.13,1
2024-11-24 02:08:00,101.22,1
2024-11-24 02:09:00,101.11,1
2024-11-24 02:10:00,101.03,1
2024-11-24 02:11:00,101.2,1
2024-11-24 02:12:00,101.29,1
2024-11-24 02:13:00,101.31,1
2024-11-24 02:14:00,101.44,1
2024-11-24 02:15:00,101.28,1
2024-11-24 02:16:00,101.27,1
2024-11-24 02:17:00,101.27,1
2024-11-24 02:18:00,101.4,1
2024-11-24 02:19:00,101.54,1
2024-11-24 02:20:00,101.44,1
2024-11-24 02:21:00,101.43,1
2024-11-24 02:22:00,101.52,1
2024-11-24 02:23:00,101.6,1
2024-11-24 02:24:00,101.6,1
2024-11-24 02:25:00,101.56,1
2024-11-24 02:26:00,101.75,1
2024-11-24 02:27:00,101.73,1
2024-11-24 02:28:00,101.83,1
2024-11-24 02:29:00,101.87,1
2024-11-24 02:30:00,101.94,1
2024-11-24 02:31:00,101.95,1
2024-11-24 02:32:00,101.83,1
2024-11-24 02:33:00,101.69,1
2024-11-24 02:34:00,101.86,1
2024-11-24 02:35:00,101.83,1
2024-11-24 02:36:00,101.93,1
2024-11-24 02:37:00,102.15,1
2024-11-24 02:38:00,102.32,1
2024-11-24 02:39:00,102.31,1
2024-11-24 02:40:00,102.27,1
2024-11-24 02:41:00,102.15,1
2024-11-24 02:42:00,102.23,1
2024-11-24 02:43:00,102.12,1
2024-11-24 02:44:00,102.04,1
2024-11-24 02:45:00,102.16,1
2024-11-24 02:46:00,102.17,1
2024-11-24 02:47:00,102.04,1
2024-11-24 02:48:00,102.11,1
2024-11-24 02:49:00,102.22,1
2024-11-24 02:50:00,102.14,1
2024-11-24 02:51:00,102.16,1
2024-11-24 02:52:00,102.18,1
2024-11-24 02:53:00,102.36,1
2024-11-24 02:54:00,102.6,1
2024-11-24 02:55:00,102.28,1
2024-11-24 02:56:00,102.3,1
2024-11-24 02:57:00,102.36,1
2024-11-24 02:58:00,102.19,1
2024-11-24 02:59:00,102.28,1
2024-11-24 03:00:00,102.11,1
2024-11-24 03:01:00,102.03,1
2024-11-24 03:02:00,101.88,1
2024-11-24 03:03:00,101.98,1
2024-11-24 03:04:00,101.92,1
2024-11-24 03:05:00,102.14,1
2024-11-24 03:06:00,102.14,1
2024-11-24 03:07:00,102.32,1
2024-11-24 03:08:00,102.48,1
2024-11-24 03:09:00,102.33,1
2024-11-24 03:10:00,102.35,1
2024-11-24 03:11:00,102.4,1
2024-11-24 03:12:00,102.4,1
2024-11-24 03:13:00,102.61,1
2024-11-24 03:14:00,102.73,1
2024-11-24 03:15:00,102.56,1
2024-11-24 03:16:00,102.48,1
2024-11-24 03:17:00,102.43,1
2024-11-24 03:18:00,102.62,1
2024-11-24 03:19:00,102.76,1
2024-11-24 03:20:00,102.95,1
2024-11-24 03:21:00,102.66,1
2024-11-24 03:22:00,102.57,1
2024-11-24 03:23:00,102.63,1
2024-11-24 03:24:00,102.62,1
2024-11-24 03:25:00,102.3,1
2024-11-24 03:26:00,102.04,1
2024-11-24 03:27:00,102.02,1
2024-11-24 03:28:00,102.22,1
2024-11-24 03:29:00,102.28,1
2024-11-24 03:30:00,102.34,1
2024-11-24 03:31:00,102.05,1
2024-11-24 03:32:00,101.88,1
2024-11-24 03:33:00,101.77,1
2024-11-24 03:34:00,101.87,1
2024-11-24 03:35:00,102.02,1
2024-11-24 03:36:00,101.92,1
2024-11-24 03:37:00,101.8,1
2024-11-24 03:38:00,101.84,1
2024-11-24 03:39:00,101.7,1
2024-11-24 03:40:00,101.68,1
2024-11-24 03:41:00,101.7,1
2024-11-24 03:42:00,101.71,1
2024-11-24 03:43:00,101.65,1
2024-11-24 03:44:00,101.68,1
2024-11-24 03:45:00,101.59,1
2024-11-24 03:46:00,101.68,1
2024-11-24 03:47:00,101.88,1
2024-11-24 03:48:00,101.92,1
2024-11-24 03:49:00,102.09,1
2024-11-24 03:50:00,101.92,1
2024-11-24 03:51:00,101.95,1
2024-11-24 03:52:00,102.15,1
2024-11-24 03:53:00,102.08,1
2024-11-24 03:54:00,102.1,1
2024-11-24 03:55:00,102.05,1
2024-11-24 03:56:00,101.94,1
2024-11-24 03:57:00,102.04,1
2024-11-24 03:58:00,101.93,1
2024-11-24 03:59:00,101.92,1
2024-11-24 04:00:00,101.84,1
2024-11-24 04:01:00,102.03,1
2024-11-24 04:02:00,101.93,1
2024-11-24 04:03:00,102.05,1
2024-11-24 04:04:00,102.05,1
2024-11-24 04:05:00,102.05,1
2024-11-24 04:06:00,102.15,1
2024-11-24 04:07:00,102.23,1
2024-11-24 04:08:00,102.36,1
2024-11-24 04:09:00,102.27,1
2024-11-24 04:10:00,102.24,1
2024-11-24 04:11:00,102.13,1
2024-11-24 04:12:00,102.16,1
2024-11-24 04:13:00,101.92,1
2024-11-24 04:14:00,101.85,1
2024-11-24 04:15:00,101.9,1
2024-11-24 04:16:00,101.69,1
2024-11-24 04:17:00,101.36,1
2024-11-24 04:18:00,101.56,1
2024-11-24 04:19:00,101.35,1
2024-11-24 04:20:00,101.48,1
2024-11-24 04:21:00,101.25,1
2024-11-24 04:22:00,101.41,1
2024-11-24 04:23:00,101.64,1
2024-11-24 04:24:00,101.52,1
2024-11-24 04:25:00,101.59,1
2024-11-24 04:26:00,101.5,1
2024-11-24 04:27:00,101.56,1
2024-11-24 04:28:00,101.47,1
2024-11-24 04:29:00,101.51,1
2024-11-24 04:30:00,101.53,1
2024-11-24 04:31:00,101.6,1
2024-11-24 04:32:00,101.41,1
2024-11-24 04:33:00,101.15,1
2024-11-24 04:34:00,101.01,1
2024-11-24 04:35:00,100.94,1
2024-11-24 04:36:00,100.96,1
2024-11-24 04:37:00,100.65,1
2024-11-24 04:38:00,100.4,1
2024-11-24 04:39:00,100.23,1
2024-11-24 04:40:00,100.12,1
2024-11-24 04:41:00,100.11,1
2024-11-24 04:42:00,100.46,1
2024-11-24 04:43:00,100.36,1
2024-11-24 04:44:00,100.34,1
2024-11-24 04:45:00,100.75,1
2024-11-24 04:46:00,100.71,1
2024-11-24 04:47:00,101.0,1
2024-11-24 04:48:00,101.11,1
2024-11-24 04:49:00,100.85,1
2024-11-24 04:50:00,100.66,1
2024-11-24 04:51:00,100.26,1
2024-11-24 04:52:00,100.31,1
2024-11-24 04:53:00,100.58,1
2024-11-24 04:54:00,100.67,1
2024-11-24 04:55:00,100.8,1
2024-11-24 04:56:00,100.7,1
2024-11-24 04:57:00,100.79,1
2024-11-24 04:58:00,100.82,1
2024-11-24 04:59:00,100.92,1
2024-11-24 05:00:00,101.04,1
2024-11-24 05:01:00,100.77,1
2024-11-24 05:02:00,100.75,1
2024-11-24 05:03:00,101.07,1
2024-11-24 05:04:00,100.99,1
2024-11-24 05:05:00,101.11,1
2024-11-24 05:06:00,101.06,1
2024-11-24 05:07:00,101.16,1
2024-11-24 05:08:00,101.27,1
2024-11-24 05:09:00,101.38,1
2024-11-24 05:10:00,101.43,1
2024-11-24 05:11:00,101.55,1
2024-11-24 05:12:00,101.61,1
2024-11-24 05:13:00,101.57,1
2024-11-24 05:14:00,101.58,1
2024-11-24 05:15:00,101.56,1
2024-11-24 05:16:00,101.44,1
2024-11-24 05:17:00,101.39,1
2024-11-24 05:18:00,101.37,1
2024-11-24 05:19:00,101.4,1
2024-11-24 05:20:00,101.43,1
2024-11-24 05:21:00,101.2,1
2024-11-24 05:22:00,101.21,1
2024-11-24 05:23:00,101.26,1
2024-11-24 05:24:00,101.14,1
2024-11-24 05:25:00,101.16,1
2024-11-24 05:26:00,101.19,1
2024-11-24 05:27:00,101.14,1
2024-11-24 05:28:00,100.83,1
2024-11-24 05:29:00,100.8,1
2024-11-24 05:30:00,100.84,1
2024-11-24 05:31:00,100.71,1
2024-11-24 05:32:00,100.76,1
2024-11-24 05:33:00,100.33,1
2024-11-24 05:34:00,100.25,1
2024-11-24 05:35:00,100.3,1
2024-11-24 05:36:00,100.56,1
2024-11-24 05:37:00,100.33,1
2024-11-24 05:38:00,100.0,1
2024-11-24 05:39:00,100.01,1
2024-11-24 05:40:00,99.78,1
2024-11-24 05:41:00,99.83,1
2024-11-24 05:42:00,99.53,1
2024-11-24 05:43:00,99.85,1
2024-11-24 05:44:00,99.65,1
2024-11-24 05:45:00,99.35,1
2024-11-24 05:46:00,99.57,1
2024-11-24 05:47:00,99.88,1
2024-11-24 05:48:00,100.1,1
2024-11-24 05:49:00,100.16,1
2024-11-24 05:50:00,100.15,1
2024-11-24 05:51:00,100.2,1
2024-11-24 05:52:00,100.13,1
2024-11-24 05:53:00,100.32,1
2024-11-24 05:54:00,100.5,1
2024-11-24 05:55:00,100.6,1
2024-11-24 05:56:00,100.66,1
2024-11-24 05:57:00,100.58,1
2024-11-24 05:58:00,100.56,1
2024-11-24 05:59:00,100.63,1
2024-11-24 06:00:00,100.63,1
2024-11-24 06:01:00,100.75,1
2024-11-24 06:02:00,100.8,1
2024-11-24 06:03:00,100.69,1
2024-11-24 06:04:00,100.59,1
2024-11-24 06:05:00,100.45,1
2024-11-24 06:06:00,100.68,1
2024-11-24 06:07:00,100.81,1
2024-11-24 06:08:00,100.78,1
2024-11-24 06:09:00,100.66,1
2024-11-24 06:10:00,100.73,1
2024-11-24 06:11:00,100.56,1
2024-11-24 06:12:00,100.64,1
2024-11-24 06:13:00,100.71,1
2024-11-24 06:14:00,100.84,1
2024-11-24 06:15:00,100.75,1
2024-11-24 06:16:00,100.6,1
2024-11-24 06:17:00,100.43,1
2024-11-24 06:18:00,100.49,1
2024-11-24 06:19:00,100.52,1
2024-11-24 06:20:00,100.32,1
2024-11-24 06:21:00,100.53,1
2024-11-24 06:22:00,100.59,1
2024-11-24 06:23:00,100.71,1
2024-11-24 06:24:00,100.75,1
2024-11-24 06:25:00,100.88,1
2024-11-24 06:26:00,100.88,1
2024-11-24 06:27:00,100.96,1
2024-11-24 06:28:00,100.92,1
2024-11-24 06:29:00,100.93,1
2024-11-24 06:30:00,100.9,1
2024-11-24 06:31:00,100.88,1
2024-11-24 06:32:00,101.04,1
2024-11-24 06:33:00,101.12,1
2024-11-24 06:34:00,101.26,1
2024-11-24 06:35:00,101.28,1
2024-11-24 06:36:00,101.34,1
2024-11-24 06:37:00,101.34,1
2024-11-24 06:38:00,101.42,1
2024-11-24 06:39:00,101.36,1
2024-11-24 06:40:00,101.34,1
2024-11-24 06:41:00,101.3,1
2024-11-24 06:42:00,101.3,1
2024-11-24 06:43:00,101.26,1
2024-11-24 06:44:00,101.37,1
2024-11-24 06:45:00,101.42,1
2024-11-24 06:46:00,101.71,1
2024-11-24 06:47:00,101.73,1
2024-11-24 06:48:00,101.76,1
2024-11-24 06:49:00,101.92,1
2024-11-24 06:50:00,101.93,1
2024-11-24 06:51:00,101.94,1
2024-11-24 06:52:00,101.97,1
2024-11-24 06:53:00,102.04,1
2024-11-24 06:54:00,102.06,1
2024-11-24 06:55:00,101.91,1
2024-11-24 06:56:00,101.79,1
2024-11-24 06:57:00,101.71,1
2024-11-24 06:58:00,101.68,1
2024-11-24 06:59:00,101.59,1
2024-11-24 07:00:00,101.66,1
2024-11-24 07:01:00,101.8,1
2024-11-24 07:02:00,101.82,1
2024-11-24 07:03:00,101.84,1
2024-11-24 07:04:00,101.72,1
2024-11-24 07:05:00,101.78,1
2024-11-24 07:06:00,101.85,1
2024-11-24 07:07:00,101.82,1
2024-11-24 07:08:00,101.86,1
2024-11-24 07:09:00,101.84,1
2024-11-24 07:10:00,102.09,1
2024-11-24 07:11:00,102.08,1
2024-11-24 07:12:00,102.04,1
2024-11-24 07:13:00,102.0,1
2024-11-24 07:14:00,101.86,1
2024-11-24 07:15:00,101.89,1
2024-11-24 07:16:00,102.01,1
2024-11-24 07:17:00,101.76,1
2024-11-24 07:18:00,101.85,1
2024-11-24 07:19:00,101.92,1
2024-11-24 07:20:00,101.8,1
2024-11-24 07:21:00,101.77,1
2024-11-24 07:22:00,101.67,1
2024-11-24 07:23:00,101.81,1
2024-11-24 07:24:00,101.79,1
2024-11-24 07:25:00,101.8,1
2024-11-24 07:26:00,101.74,1
2024-11-24 07:27:00,101.87,1
2024-11-24 07:28:00,101.85,1
2024-11-24 07:29:00,101.7,1
2024-11-24 07:30:00,101.59,1
2024-11-24 07:31:00,101.62,1
2024-11-24 07:32:00,101.5,1
2024-11-24 07:33:00,101.62,1
2024-11-24 07:34:00,101.36,1
2024-11-24 07:35:00,101.32,1
2024-11-24 07:36:00,101.24,1
2024-11-24 07:37:00,101.52,1
2024-11-24 07:38:00,101.59,1
2024-11-24 07:39:00,101.78,1
2024-11-24 07:40:00,101.82,1
2024-11-24 07:41:00,101.81,1
2024-11-24 07:42:00,101.79,1
2024-11-24 07:43:00,101.79,1
2024-11-24 07:44:00,101.76,1
2024-11-24 07:45:00,101.74,1
2024-11-24 07:46:00,101.76,1
2024-11-24 07:47:00,101.69,1
2024-11-24 07:48:00,101.68,1
2024-11-24 07:49:00,101.63,1
2024-11-24 07:50:00,101.6,1
2024-11-24 07:51:00,101.6,1
2024-11-24 07:52:00,101.48,1
2024-11-24 07:53:00,101.44,1
2024-11-24 07:54:00,101.4,1
2024-11-24 07:55:00,101.36,1
2024-11-24 07:56:00,101.29,1
2024-11-24 07:57:00,101.26,1
2024-11-24 07:58:00,101.42,1
2024-11-24 07:59:00,101.53,1
2024-11-24 08:00:00,101.53,1
2024-11-24 08:01:00,101.59,1
2024-11-24 08:02:00,101.61,1
2024-11-24 08:03:00,101.63,1
2024-11-24 08:04:00,101.61,1
2024-11-24 08:05:00,101.54,1
2024-11-24 08:06:00,101.56,1
2024-11-24 08:07:00,101.6,1
2024-11-24 08:08:00,101.66,1
2024-11-24 08:09:00,101.47,1
2024-11-24 08:10:00,101.45,1
2024-11-24 08:11:00,101.5,1
2024-11-24 08:12:00,101.4,1
2024-11-24 08:13:00,101.34,1
2024-11-24 08:14:00,101.37,1
2024-11-24 08:15:00,101.41,1
2024-11-24 08:16:00,101.3,1
2024-11-24 08:17:00,101.49,1
2024-11-24 08:18:00,101.6,1
2024-11-24 08:19:00,101.65,1
2024-11-24 08:20:00,102.03,1
2024-11-24 08:21:00,101.85,1
2024-11-24 08:22:00,101.66,1
2024-11-24 08:23:00,101.55,1
2024-11-24 08:24:00,101.43,1
2024-11-24 08:25:00,101.4,1
2024-11-24 08:26:00,101.4,1
2024-11-24 08:27:00,101.57,1
2024-11-24 08:28:00,101.54,1
2024-11-24 08:29:00,101.36,1
2024-11-24 08:30:00,101.35,1
2024-11-24 08:31:00,100.86,1
2024-11-24 08:32:00,100.61,1
2024-11-24 08:33:00,100.85,1
2024-11-24 08:34:00,100.7,1
2024-11-24 08:35:00,100.56,1
2024-11-24 08:36:00,100.62,1
2024-11-24 08:37:00,100.75,1
2024-11-24 08:38:00,100.86,1
2024-11-24 08:39:00,100.77,1
2024-11-24 08:40:00,100.79,1
2024-11-24 08:41:00,100.7,1
2024-11-24 08:42:00,100.8,1
2024-11-24 08:43:00,100.73,1
2024-11-24 08:44:00,100.36,1
2024-11-24 08:45:00,100.35,1
2024-11-24 08:46:00,100.6,1
2024-11-24 08:47:00,100.53,1
2024-11-24 08:48:00,100.2,1
2024-11-24 08:49:00,99.98,1
2024-11-24 08:50:00,99.59,1
2024-11-24 08:51:00,99.5,1
2024-11-24 08:52:00,99.33,1
2024-11-24 08:53:00,99.21,1
2024-11-24 08:54:00,99.37,1
2024-11-24 08:55:00,99.54,1
2024-11-24 08:56:00,99.33,1
2024-11-24 08:57:00,99.56,1
2024-11-24 08:58:00,99.47,1
2024-11-24 08:59:00,99.51,1
2024-11-24 09:00:00,99.36,1
2024-11-24 09:01:00,99.74,1
2024-11-24 09:02:00,99.91,1
2024-11-24 09:03:00,100.1,1
2024-11-24 09:04:00,100.11,1
2024-11-24 09:05:00,100.1,1
2024-11-24 09:06:00,100.23,1
2024-11-24 09:07:00,100.16,1
2024-11-24 09:08:00,100.15,1
2024-11-24 09:09:00,100.22,1
2024-11-24 09:10:00,100.26,1
2024-11-24 09:11:00,100.21,1
2024-11-24 09:12:00,100.26,1
2024-11-24 09:13:00,100.09,1
2024-11-24 09:14:00,99.98,1
2024-11-24 09:15:00,100.01,1
2024-11-24 09:16:00,100.02,1
2024-11-24 09:17:00,99.63,1
2024-11-24 09:18:00,99.52,1
2024-11-24 09:19:00,99.27,1
2024-11-24 09:20:00,99.41,1
2024-11-24 09:21:00,99.06,1
2024-11-24 09:22:00,98.91,1
2024-11-24 09:23:00,98.97,1
2024-11-24 09:24:00,98.82,1
2024-11-24 09:25:00,98.8,1
2024-11-24 09:26:00,98.63,1
2024-11-24 09:27:00,98.82,1
2024-11-24 09:28:00,99.02,1
2024-11-24 09:29:00,99.22,1
2024-11-24 09:30:00,99.27,1
2024-11-24 09:31:00,99.14,1
2024-11-24 09:32:00,98.86,1
2024-11-24 09:33:00,99.1,1
2024-11-24 09:34:00,98.89,1
2024-11-24 09:35:00,99.29,1
2024-11-24 09:36:00,99.02,1
2024-11-24 09:37:00,98.33,1
2024-11-24 09:38:00,98.86,1
2024-11-24 09:39:00,98.99,1
2024-11-24 09:40:00,98.98,1
2024-11-24 09:41:00,98.87,1
2024-11-24 09:42:00,99.01,1
2024-11-24 09:43:00,99.09,1
2024-11-24 09:44:00,99.22,1
2024-11-24 09:45:00,99.22,1
2024-11-24 09:46:00,99.43,1
2024-11-24 09:47:00,99.22,1
2024-11-24 09:48:00,99.06,1
2024-11-24 09:49:00,99.1,1
2024-11-24 09:50:00,99.2,1
2024-11-24 09:51:00,99.26,1
2024-11-24 09:52:00,99.32,1
2024-11-24 09:53:00,99.44,1
2024-11-24 09:54:00,99.45,1
2024-11-24 09:55:00,99.55,1
2024-11-24 09:56:00,99.46,1
2024-11-24 09:57:00,99.64,1
2024-11-24 09:58:00,99.55,1
2024-11-24 09:59:00,99.61,1
2024-11-24 10:00:00,99.49,1
2024-11-24 10:01:00,99.43,1
2024-11-24 10:02:00,99.64,1
2024-11-24 10:03:00,99.57,1
2024-11-24 10:04:00,99.8,1
2024-11-24 10:05:00,99.72,1
2024-11-24 10:06:00,99.53,1
2024-11-24 10:07:00,99.66,1
2024-11-24 10:08:00,99.68,1
2024-11-24 10:09:00,99.77,1
2024-11-24 10:10:00,99.81,1
2024-11-24 10:11:00,99.78,1
2024-11-24 10:12:00,99.85,1
2024-11-24 10:13:00,99.79,1
2024-11-24 10:14:00,99.38,1
2024-11-24 10:15:00,99.52,1
2024-11-24 10:16:00,99.4,1
2024-11-24 10:17:00,99.46,1
2024-11-24 10:18:00,99.59,1
2024-11-24 10:19:00,99.56,1
2024-11-24 10:20:00,99.47,1
2024-11-24 10:21:00,99.6,1
2024-11-24 10:22:00,99.5,1
2024-11-24 10:23:00,99.72,1
2024-11-24 10:24:00,99.73,1
2024-11-24 10:25:00,99.74,1
2024-11-24 10:26:00,99.8,1
2024-11-24 10:27:00,99.87,1
2024-11-24 10:28:00,99.89,1
2024-11-24 10:29:00,99.79,1
2024-11-24 10:30:00,99.79,1
2024-11-24 10:31:00,99.92,1
2024-11-24 10:32:00,99.71,1
2024-11-24 10:33:00,99.92,1
2024-11-24 10:34:00,99.83,1
2024-11-24 10:35:00,99.73,1
2024-11-24 10:36:00,99.86,1
2024-11-24 10:37:00,99.97,1
2024-11-24 10:38:00,99.77,1
2024-11-24 10:39:00,99.83,1
2024-11-24 10:40:00,99.46,1
2024-11-24 10:41:00,99.34,1
2024-11-24 10:42:00,99.2,1
2024-11-24 10:43:00,99.28,1
2024-11-24 10:44:00,99.05,1
2024-11-24 10:45:00,98.81,1
2024-11-24 10:46:00,98.28,1
2024-11-24 10:47:00,98.0,1
2024-11-24 10:48:00,98.45,1
2024-11-24 10:49:00,98.27,1
2024-11-24 10:50:00,98.33,1
2024-11-24 10:51:00,98.82,1
2024-11-24 10:52:00,99.16,1
2024-11-24 10:53:00,99.05,1
2024-11-24 10:54:00,99.08,1
2024-11-24 10:55:00,99.02,1
2024-11-24 10:56:00,98.81,1
2024-11-24 10:57:00,99.28,1
2024-11-24 10:58:00,98.94,1
2024-11-24 10:59:00,98.91,1
2024-11-24 11:00:00,98.68,1
2024-11-24 11:01:00,98.88,1
2024-11-24 11:02:00,98.26,1
2024-11-24 11:03:00,98.08,1
2024-11-24 11:04:00,98.16,1
2024-11-24 11:05:00,98.04,1
2024-11-24 11:06:00,97.66,1
2024-11-24 11:07:00,97.69,1
2024-11-24 11:08:00,97.5,1
2024-11-24 11:09:00,97.02,1
2024-11-24 11:10:00,97.06,1
2024-11-24 11:11:00,96.59,1
2024-11-24 11:12:00,97.23,1
2024-11-24 11:13:00,97.54,1
2024-11-24 11:14:00,97.29,1
2024-11-24 11:15:00,96.95,1
2024-11-24 11:16:00,96.95,1
2024-11-24 11:17:00,96.42,1
2024-11-24 11:18:00,96.49,1
2024-11-24 11:19:00,96.28,1
2024-11-24 11:20:00,96.44,1
2024-11-24 11:21:00,96.92,1
2024-11-24 11:22:00,97.14,1
2024-11-24 11:23:00,97.37,1
2024-11-24 11:24:00,97.12,1
2024-11-24 11:25:00,97.39,1
2024-11-24 11:26:00,97.64,1
2024-11-24 11:27:00,97.64,1
2024-11-24 11:28:00,97.28,1
2024-11-24 11:29:00,96.77,1
2024-11-24 11:30:00,96.91,1
2024-11-24 11:31:00,97.23,1
2024-11-24 11:32:00,97.25,1
2024-11-24 11:33:00,97.09,1
2024-11-24 11:34:00,96.92,1
2024-11-24 11:35:00,96.58,1
2024-11-24 11:36:00,96.38,1
2024-11-24 11:37:00,96.25,1
2024-11-24 11:38:00,96.47,1
2024-11-24 11:39:00,96.37,1
2024-11-24 11:40:00,96.9,1
2024-11-24 11:41:00,97.08,1
2024-11-24 11:42:00,97.17,1
2024-11-24 11:43:00,97.27,1
2024-11-24 11:44:00,97.14,1
2024-11-24 11:45:00,97.31,1
2024-11-24 11:46:00,97.03,1
2024-11-24 11:47:00,97.22,1
2024-11-24 11:48:00,96.76,1
2024-11-24 11:49:00,96.59,1
2024-11-24 11:50:00,96.43,1
2024-11-24 11:51:00,96.23,1
2024-11-24 11:52:00,95.62,1
2024-11-24 11:53:00,95.54,1
2024-11-24 11:54:00,95.58,1
2024-11-24 11:55:00,95.72,1
2024-11-24 11:56:00,95.44,1
2024-11-24 11:57:00,95.89,1
2024-11-24 11:58:00,95.72,1
2024-11-24 11:59:00,95.52,1
2024-11-24 12:00:00,95.44,1
2024-11-24 12:01:00,95.39,1
2024-11-24 12:02:00,95.95,1
2024-11-24 12:03:00,96.17,1
2024-11-24 12:04:00,96.24,1
2024-11-24 12:05:00,96.05,1
2024-11-24 12:06:00,96.27,1
2024-11-24 12:07:00,96.17,1
2024-11-24 12:08:00,96.22,1
2024-11-24 12:09:00,96.49,1
2024-11-24 12:10:00,96.48,1
2024-11-24 12:11:00,96.54,1
2024-11-24 12:12:00,96.05,1
2024-11-24 12:13:00,96.34,1
2024-11-24 12:14:00,96.61,1
2024-11-24 12:15:00,96.65,1
2024-11-24 12:16:00,96.05,1
2024-11-24 12:17:00,95.9,1
2024-11-24 12:18:00,96.12,1
2024-11-24 12:19:00,95.95,1
2024-11-24 12:20:00,96.22,1
2024-11-24 12:21:00,95.74,1
2024-11-24 12:22:00,95.89,1
2024-11-24 12:23:00,96.08,1
2024-11-24 12:24:00,95.95,1
2024-11-24 12:25:00,95.58,1
2024-11-24 12:26:00,95.7,1
2024-11-24 12:27:00,95.79,1
2024-11-24 12:28:00,95.6,1
2024-11-24 12:29:00,95.25,1
2024-11-24 12:30:00,95.5,1
2024-11-24 12:31:00,95.05,1
2024-11-24 12:32:00,94.85,1
2024-11-24 12:33:00,94.35,1
2024-11-24 12:34:00,94.8,1
2024-11-24 12:35:00,94.01,1
2024-11-24 12:36:00,93.75,1
2024-11-24 12:37:00,93.04,1
2024-11-24 12:38:00,92.77,1
2024-11-24 12:39:00,92.89,1
2024-11-24 12:40:00,93.4,1
2024-11-24 12:41:00,93.66,1
2024-11-24 12:42:00,93.13,1
2024-11-24 12:43:00,92.63,1
2024-11-24 12:44:00,91.95,1
2024-11-24 12:45:00,92.09,1
2024-11-24 12:46:00,93.08,1
2024-11-24 12:47:00,93.53,1
2024-11-24 12:48:00,93.15,1
2024-11-24 12:49:00,92.49,1
2024-11-24 12:50:00,93.2,1
2024-11-24 12:51:00,92.94,1
2024-11-24 12:52:00,93.41,1
2024-11-24 12:53:00,93.98,1
2024-11-24 12:54:00,94.06,1
2024-11-24 12:55:00,93.94,1
2024-11-24 12:56:00,93.67,1
2024-11-24 12:57:00,93.7,1
2024-11-24 12:58:00,93.37,1
2024-11-24 12:59:00,93.61,1
2024-11-24 13:00:00,93.78,1
2024-11-24 13:01:00,93.24,1
2024-11-24 13:02:00,93.0,1
2024-11-24 13:03:00,93.25,1
2024-11-24 13:04:00,93.59,1
2024-11-24 13:05:00,93.9,1
2024-11-24 13:06:00,94.04,1
2024-11-24 13:07:00,94.47,1
2024-11-24 13:08:00,94.54,1
2024-11-24 13:09:00,94.71,1
2024-11-24 13:10:00,94.44,1
2024-11-24 13:11:00,94.47,1
2024-11-24 13:12:00,94.68,1
2024-11-24 13:13:00,94.61,1
2024-11-24 13:14:00,94.48,1
2024-11-24 13:15:00,94.64,1
2024-11-24 13:16:00,94.56,1
2024-11-24 13:17:00,94.9,1
2024-11-24 13:18:00,95.04,1
2024-11-24 13:19:00,94.78,1
2024-11-24 13:20:00,94.93,1
2024-11-24 13:21:00,94.77,1
2024-11-24 13:22:00,95.06,1
2024-11-24 13:23:00,95.2,1
2024-11-24 13:24:00,95.04,1
2024-11-24 13:25:00,95.28,1
2024-11-24 13:26:00,95.73,1
2024-11-24 13:27:00,95.66,1
2024-11-24 13:28:00,95.91,1
2024-11-24 13:29:00,95.9,1
2024-11-24 13:30:00,95.87,1
2024-11-24 13:31:00,95.62,1
2024-11-24 13:32:00,95.41,1
2024-11-24 13:33:00,95.87,1
2024-11-24 13:34:00,95.9,1
2024-11-24 13:35:00,95.51,1
2024-11-24 13:36:00,95.35,1
2024-11-24 13:37:00,95.26,1
2024-11-24 13:38:00,95.18,1
2024-11-24 13:39:00,95.48,1
2024-11-24 13:40:00,95.42,1
2024-11-24 13:41:00,95.49,1
2024-11-24 13:42:00,95.38,1
2024-11-24 13:43:00,95.52,1
2024-11-24 13:44:00,95.27,1
2024-11-24 13:45:00,95.07,1
2024-11-24 13:46:00,94.77,1
2024-11-24 13:47:00,95.33,1
2024-11-24 13:48:00,95.5,1
2024-11-24 13:49:00,95.77,1
2024-11-24 13:50:00,95.52,1
2024-11-24 13:51:00,95.72,1
2024-11-24 13:52:00,95.6,1
2024-11-24 13:53:00,95.45,1
2024-11-24 13:54:00,95.66,1
2024-11-24 13:55:00,95.45,1
2024-11-24 13:56:00,95.6,1
2024-11-24 13:57:00,95.46,1
2024-11-24 13:58:00,95.22,1
2024-11-24 13:59:00,95.47,1
2024-11-24 14:00:00,95.53,1
2024-11-24 14:01:00,95.1,1
2024-11-24 14:02:00,95.35,1
2024-11-24 14:03:00,95.1,1
2024-11-24 14:04:00,94.9,1
2024-11-24 14:05:00,94.92,1
2024-11-24 14:06:00,94.29,1
2024-11-24 14:07:00,94.33,1
2024-11-24 14:08:00,94.44,1
2024-11-24 14:09:00,94.24,1
2024-11-24 14:10:00,94.54,1
2024-11-24 14:11:00,94.4,1
2024-11-24 14:12:00,94.2,1
2024-11-24 14:13:00,94.18,1
2024-11-24 14:14:00,94.03,1
2024-11-24 14:15:00,93.62,1
2024-11-24 14:16:00,94.18,1
2024-11-24 14:17:00,93.75,1
2024-11-24 14:18:00,93.84,1
2024-11-24 14:19:00,93.38,1
2024-11-24 14:20:00,93.54,1
2024-11-24 14:21:00,93.92,1
2024-11-24 14:22:00,93.79,1
2024-11-24 14:23:00,94.14,1
2024-11-24 14:24:00,93.87,1
2024-11-24 14:25:00,94.17,1
2024-11-24 14:26:00,93.82,1
2024-11-24 14:27:00,93.69,1
2024-11-24 14:28:00,93.87,1
2024-11-24 14:29:00,93.48,1
2024-11-24 14:30:00,93.58,1
2024-11-24 14:31:00,93.89,1
2024-11-24 14:32:00,93.77,1
2024-11-24 14:33:00,93.42,1
2024-11-24 14:34:00,93.29,1
2024-11-24 14:35:00,93.48,1
2024-11-24 14:36:00,93.84,1
2024-11-24 14:37:00,94.52,1
2024-11-24 14:38:00,94.33,1
2024-11-24 14:39:00,94.36,1
2024-11-24 14:40:00,94.17,1
2024-11-24 14:41:00,94.49,1
2024-11-24 14:42:00,94.61,1
2024-11-24 14:43:00,94.5,1
2024-11-24 14:44:00,94.24,1
2024-11-24 14:45:00,93.98,1
2024-11-24 14:46:00,94.21,1
2024-11-24 14:47:00,94.34,1
2024-11-24 14:48:00,93.85,1
2024-11-24 14:49:00,93.7,1
2024-11-24 14:50:00,93.51,1
2024-11-24 14:51:00,93.8,1
2024-11-24 14:52:00,93.67,1
2024-11-24 14:53:00,93.81,1
2024-11-24 14:54:00,93.99,1
2024-11-24 14:55:00,94.31,1
2024-11-24 14:56:00,94.45,1
2024-11-24 14:57:00,94.47,1
2024-11-24 14:58:00,94.3,1
2024-11-24 14:59:00,94.64,1
2024-11-24 15:00:00,94.54,1
2024-11-24 15:01:00,94.3,1
2024-11-24 15:02:00,94.57,1
2024-11-24 15:03:00,94.14,1
2024-11-24 15:04:00,94.04,1
2024-11-24 15:05:00,94.03,1
2024-11-24 15:06:00,93.74,1
2024-11-24 15:07:00,93.59,1
2024-11-24 15:08:00,93.66,1
2024-11-24 15:09:00,93.71,1
2024-11-24 15:10:00,93.63,1
2024-11-24 15:11:00,93.57,1
2024-11-24 15:12:00,93.82,1
2024-11-24 15:13:00,93.78,1
2024-11-24 15:14:00,94.08,1
2024-11-24 15:15:00,94.21,1
2024-11-24 15:16:00,93.76,1
2024-11-24 15:17:00,93.5,1
2024-11-24 15:18:00,93.75,1
2024-11-24 15:19:00,94.09,1
2024-11-24 15:20:00,93.88,1
2024-11-24 15:21:00,93.91,1
2024-11-24 15:22:00,93.8,1
2024-11-24 15:23:00,93.79,1
2024-11-24 15:24:00,93.71,1
2024-11-24 15:25:00,93.53,1
2024-11-24 15:26:00,93.21,1
2024-11-24 15:27:00,93.5,1
2024-11-24 15:28:00,93.6,1
2024-11-24 15:29:00,93.66,1
2024-11-24 15:30:00,93.82,1
2024-11-24 15:31:00,93.71,1
2024-11-24 15:32:00,93.42,1
2024-11-24 15:33:00,93.27,1
2024-11-24 15:34:00,93.33,1
2024-11-24 15:35:00,93.22,1
2024-11-24 15:36:00,92.86,1
2024-11-24 15:37:00,92.69,1
2024-11-24 15:38:00,92.63,1
2024-11-24 15:39:00,92.75,1
2024-11-24 15:40:00,92.7,1
2024-11-24 15:41:00,92.62,1
2024-11-24 15:42:00,92.89,1
2024-11-24 15:43:00,92.85,1
2024-11-24 15:44:00,93.11,1
2024-11-24 15:45:00,93.35,1
2024-11-24 15:46:00,92.81,1
2024-11-24 15:47:00,93.1,1
2024-11-24 15:48:00,93.03,1
2024-11-24 15:49:00,93.02,1
2024-11-24 15:50:00,93.02,1
2024-11-24 15:51:00,92.91,1
2024-11-24 15:52:00,92.62,1
2024-11-24 15:53:00,92.6,1
2024-11-24 15:54:00,92.49,1
2024-11-24 15:55:00,92.36,1
2024-11-24 15:56:00,92.39,1
2024-11-24 15:57:00,92.48,1
2024-11-24 15:58:00,92.41,1
2024-11-24 15:59:00,92.36,1
2024-11-24 16:00:00,92.31,1
2024-11-24 16:01:00,92.18,1
2024-11-24 16:02:00,92.54,1
2024-11-24 16:03:00,92.7,1
2024-11-24 16:04:00,93.19,1
2024-11-24 16:05:00,93.58,1
2024-11-24 16:06:00,93.75,1
2024-11-24 16:07:00,93.93,1
2024-11-24 16:08:00,93.85,1
2024-11-24 16:09:00,93.67,1
2024-11-24 16:10:00,93.92,1
2024-11-24 16:11:00,93.91,1
2024-11-24 16:12:00,93.59,1
2024-11-24 16:13:00,93.95,1
2024-11-24 16:14:00,93.94,1
2024-11-24 16:15:00,93.87,1
2024-11-24 16:16:00,93.68,1
2024-11-24 16:17:00,93.74,1
2024-11-24 16:18:00,93.95,1
2024-11-24 16:19:00,93.95,1
2024-11-24 16:20:00,93.93,1
2024-11-24 16:21:00,93.83,1
2024-11-24 16:22:00,93.52,1
2024-11-24 16:23:00,93.76,1
2024-11-24 16:24:00,93.79,1
2024-11-24 16:25:00,93.89,1
2024-11-24 16:26:00,93.95,1
2024-11-24 16:27:00,93.95,1
2024-11-24 16:28:00,93.96,1
2024-11-24 16:29:00,94.24,1
2024-11-24 16:30:00,94.32,1
2024-11-24 16:31:00,94.2,1
2024-11-24 16:32:00,93.97,1
2024-11-24 16:33:00,93.87,1
2024-11-24 16:34:00,93.87,1
2024-11-24 16:35:00,93.91,1
2024-11-24 16:36:00,93.74,1
2024-11-24 16:37:00,93.95,1
2024-11-24 16:38:00,94.03,1
2024-11-24 16:39:00,93.96,1
2024-11-24 16:40:00,94.16,1
2024-11-24 16:41:00,94.12,1
2024-11-24 16:42:00,94.23,1
2024-11-24 16:43:00,94.3,1
2024-11-24 16:44:00,94.31,1
2024-11-24 16:45:00,94.54,1
2024-11-24 16:46:00,94.66,1
2024-11-24 16:47:00,94.72,1
2024-11-24 16:48:00,94.89,1
2024-11-24 16:49:00,94.77,1
2024-11-24 16:50:00,94.72,1
2024-11-24 16:51:00,94.69,1
2024-11-24 16:52:00,94.6,1
2024-11-24 16:53:00,94.43,1
2024-11-24 16:54:00,94.5,1
2024-11-24 16:55:00,94.4,1
2024-11-24 16:56:00,94.27,1
2024-11-24 16:57:00,94.3,1
2024-11-24 16:58:00,93.99,1
2024-11-24 16:59:00,94.0,1
2024-11-24 17:00:00,94.01,1
2024-11-24 17:01:00,93.77,1
2024-11-24 17:02:00,93.63,1
2024-11-24 17:03:00,93.66,1
2024-11-24 17:04:00,93.77,1
2024-11-24 17:05:00,93.83,1
2024-11-24 17:06:00,93.96,1
2024-11-24 17:07:00,93.77,1
2024-11-24 17:08:00,93.28,1
2024-11-24 17:09:00,93.52,1
2024-11-24 17:10:00,93.55,1
2024-11-24 17:11:00,93.58,1
2024-11-24 17:12:00,93.38,1
2024-11-24 17:13:00,93.43,1
2024-11-24 17:14:00,93.31,1
2024-11-24 17:15:00,93.26,1
2024-11-24 17:16:00,93.25,1
2024-11-24 17:17:00,93.33,1
2024-11-24 17:18:00,93.16,1
2024-11-24 17:19:00,93.21,1
2024-11-24 17:20:00,93.45,1
2024-11-24 17:21:00,93.32,1
2024-11-24 17:22:00,93.31,1
2024-11-24 17:23:00,93.6,1
2024-11-24 17:24:00,93.59,1
2024-11-24 17:25:00,93.62,1
2024-11-24 17:26:00,93.62,1
2024-11-24 17:27:00,93.51,1
2024-11-24 17:28:00,93.56,1
2024-11-24 17:29:00,93.77,1
2024-11-24 17:30:00,93.97,1
2024-11-24 17:31:00,94.22,1
2024-11-24 17:32:00,94.02,1
2024-11-24 17:33:00,93.89,1
2024-11-24 17:34:00,93.73,1
2024-11-24 17:35:00,94.21,1
2024-11-24 17:36:00,94.2,1
2024-11-24 17:37:00,94.23,1
2024-11-24 17:38:00,94.32,1
2024-11-24 17:39:00,94.38,1
2024-11-24 17:40:00,94.3,1
2024-11-24 17:41:00,94.38,1
2024-11-24 17:42:00,94.31,1
2024-11-24 17:43:00,94.19,1
2024-11-24 17:44:00,93.83,1
2024-11-24 17:45:00,93.95,1
2024-11-24 17:46:00,94.07,1
2024-11-24 17:47:00,94.16,1
2024-11-24 17:48:00,94.31,1
2024-11-24 17:49:00,94.31,1
2024-11-24 17:50:00,94.31,1
2024-11-24 17:51:00,94.27,1
2024-11-24 17:52:00,94.43,1
2024-11-24 17:53:00,94.58,1
2024-11-24 17:54:00,94.44,1
2024-11-24 17:55:00,94.44,1
2024-11-24 17:56:00,94.21,1
2024-11-24 17:57:00,94.31,1
2024-11-24 17:58:00,94.12,1
2024-11-24 17:59:00,94.13,1
2024-11-24 18:00:00,94.21,1
2024-11-24 18:01:00,94.3,1
2024-11-24 18:02:00,94.27,1
2024-11-24 18:03:00,94.42,1
2024-11-24 18:04:00,94.3,1
2024-11-24 18:05:00,94.28,1
2024-11-24 18:06:00,94.49,1
2024-11-24 18:07:00,94.46,1
2024-11-24 18:08:00,94.45,1
2024-11-24 18:09:00,94.58,1
2024-11-24 18:10:00,94.86,1
2024-11-24 18:11:00,94.81,1
2024-11-24 18:12:00,94.76,1
2024-11-24 18:13:00,94.59,1
2024-11-24 18:14:00,94.68,1
2024-11-24 18:15:00,94.82,1
2024-11-24 18:16:00,95.21,1
2024-11-24 18:17:00,95.31,1
2024-11-24 18:18:00,95.05,1
2024-11-24 18:19:00,95.15,1
2024-11-24 18:20:00,95.34,1
2024-11-24 18:21:00,95.4,1
2024-11-24 18:22:00,95.26,1
2024-11-24 18:23:00,95.53,1
2024-11-24 18:24:00,95.5,1
2024-11-24 18:25:00,95.56,1
2024-11-24 18:26:00,95.54,1
2024-11-24 18:27:00,95.61,1
2024-11-24 18:28:00,95.65,1
2024-11-24 18:29:00,95.87,1
2024-11-24 18:30:00,95.91,1
2024-11-24 18:31:00,95.71,1
2024-11-24 18:32:00,95.81,1
2024-11-24 18:33:00,95.83,1
2024-11-24 18:34:00,95.77,1
2024-11-24 18:35:00,95.96,1
2024-11-24 18:36:00,95.99,1
2024-11-24 18:37:00,95.97,1
2024-11-24 18:38:00,96.07,1
2024-11-24 18:39:00,96.2,1
2024-11-24 18:40:00,96.33,1
2024-11-24 18:41:00,96.39,1
2024-11-24 18:42:00,96.2,1
2024-11-24 18:43:00,96.2,1
2024-11-24 18:44:00,96.35,1
2024-11-24 18:45:00,96.37,1
2024-11-24 18:46:00,96.41,1
2024-11-24 18:47:00,96.28,1
2024-11-24 18:48:00,96.41,1
2024-11-24 18:49:00,96.52,1
2024-11-24 18:50:00,96.62,1
2024-11-24 18:51:00,96.45,1
2024-11-24 18:52:00,96.23,1
2024-11-24 18:53:00,96.31,1
2024-11-24 18:54:00,96.3,1
2024-11-24 18:55:00,96.39,1
2024-11-24 18:56:00,96.35,1
2024-11-24 18:57:00,96.26,1
2024-11-24 18:58:00,96.12,1
2024-11-24 18:59:00,96.1,1
2024-11-24 19:00:00,96.17,1
2024-11-24 19:01:00,96.0,1
2024-11-24 19:02:00,95.88,1
2024-11-24 19:03:00,95.99,1
2024-11-24 19:04:00,96.15,1
2024-11-24 19:05:00,96.04,1
2024-11-24 19:06:00,95.94,1
2024-11-24 19:07:00,95.78,1
2024-11-24 19:08:00,95.91,1
2024-11-24 19:09:00,95.83,1
2024-11-24 19:10:00,95.63,1
2024-11-24 19:11:00,95.59,1
2024-11-24 19:12:00,95.32,1
2024-11-24 19:13:00,95.2,1
2024-11-24 19:14:00,95.26,1
2024-11-24 19:15:00,95.31,1
2024-11-24 19:16:00,95.69,1
2024-11-24 19:17:00,95.58,1
2024-11-24 19:18:00,95.67,1
2024-11-24 19:19:00,95.62,1
2024-11-24 19:20:00,95.65,1
2024-11-24 19:21:00,95.72,1
2024-11-24 19:22:00,95.51,1
2024-11-24 19:23:00,95.4,1
2024-11-24 19:24:00,95.57,1
2024-11-24 19:25:00,95.76,1
2024-11-24 19:26:00,95.78,1
2024-11-24 19:27:00,95.79,1
2024-11-24 19:28:00,95.7,1
2024-11-24 19:29:00,95.69,1
2024-11-24 19:30:00,95.61,1
2024-11-24 19:31:00,95.64,1
2024-11-24 19:32:00,95.78,1
2024-11-24 19:33:00,95.73,1
2024-11-24 19:34:00,95.66,1
2024-11-24 19:35:00,95.57,1
2024-11-24 19:36:00,95.63,1
2024-11-24 19:37:00,95.75,1
2024-11-24 19:38:00,95.58,1
2024-11-24 19:39:00,95.33,1
2024-11-24 19:40:00,95.49,1
2024-11-24 19:41:00,95.22,1
2024-11-24 19:42:00,95.48,1
2024-11-24 19:43:00,95.48,1
2024-11-24 19:44:00,95.37,1
2024-11-24 19:45:00,95.51,1
2024-11-24 19:46:00,95.46,1
2024-11-24 19:47:00,95.26,1
2024-11-24 19:48:00,95.52,1
2024-11-24 19:49:00,95.57,1
2024-11-24 19:50:00,95.67,1
2024-11-24 19:51:00,95.57,1
2024-11-24 19:52:00,95.57,1
2024-11-24 19:53:00,95.53,1
2024-11-24 19:54:00,95.54,1
2024-11-24 19:55:00,95.51,1
2024-11-24 19:56:00,95.52,1
2024-11-24 19:57:00,95.52,1
2024-11-24 19:58:00,95.59,1
2024-11-24 19:59:00,95.49,1
2024-11-24 20:00:00,95.38,1
2024-11-24 20:01:00,95.35,1
2024-11-24 20:02:00,95.42,1
2024-11-24 20:03:00,95.63,1
2024-11-24 20:04:00,95.65,1
2024-11-24 20:05:00,95.69,1
2024-11-24 20:06:00,95.68,1
2024-11-24 20:07:00,95.8,1
2024-11-24 20:08:00,95.92,1
2024-11-24 20:09:00,95.96,1
2024-11-24 20:10:00,95.83,1
2024-11-24 20:11:00,95.73,1
2024-11-24 20:12:00,95.76,1
2024-11-24 20:13:00,95.88,1
2024-11-24 20:14:00,96.12,1
2024-11-24 20:15:00,96.16,1
2024-11-24 20:16:00,96.24,1
2024-11-24 20:17:00,96.33,1
2024-11-24 20:18:00,96.24,1
2024-11-24 20:19:00,96.19,1
2024-11-24 20:20:00,96.42,1
2024-11-24 20:21:00,96.45,1
2024-11-24 20:22:00,96.29,1
2024-11-24 20:23:00,96.14,1
2024-11-24 20:24:00,96.07,1
2024-11-24 20:25:00,96.16,1
2024-11-24 20:26:00,96.26,1
2024-11-24 20:27:00,96.33,1
2024-11-24 20:28:00,96.49,1
2024-11-24 20:29:00,96.62,1
2024-11-24 20:30:00,96.71,1
2024-11-24 20:31:00,96.62,1
2024-11-24 20:32:00,96.54,1
2024-11-24 20:33:00,96.56,1
2024-11-24 20:34:00,96.66,1
2024-11-24 20:35:00,96.51,1
2024-11-24 20:36:00,96.49,1
2024-11-24 20:37:00,96.58,1
2024-11-24 20:38:00,96.63,1
2024-11-24 20:39:00,96.61,1
2024-11-24 20:40:00,96.67,1
2024-11-24 20:41:00,96.67,1
2024-11-24 20:42:00,96.68,1
2024-11-24 20:43:00,96.71,1
2024-11-24 20:44:00,96.65,1
2024-11-24 20:45:00,96.62,1
2024-11-24 20:46:00,96.51,1
2024-11-24 20:47:00,96.42,1
2024-11-24 20:48:00,96.46,1
2024-11-24 20:49:00,96.46,1
2024-11-24 20:50:00,96.36,1
2024-11-24 20:51:00,96.35,1
2024-11-24 20:52:00,96.29,1
2024-11-24 20:53:00,96.31,1
2024-11-24 20:54:00,96.32,1
2024-11-24 20:55:00,96.36,1
2024-11-24 20:56:00,96.53,1
2024-11-24 20:57:00,96.52,1
2024-11-24 20:58:00,96.59,1
2024-11-24 20:59:00,96.58,1
2024-11-24 21:00:00,96.56,1
2024-11-24 21:01:00,96.51,1
2024-11-24 21:02:00,96.55,1
2024-11-24 21:03:00,96.65,1
2024-11-24 21:04:00,96.62,1
2024-11-24 21:05:00,96.39,1
2024-11-24 21:06:00,96.32,1
2024-11-24 21:07:00,96.16,1
2024-11-24 21:08:00,96.24,1
2024-11-24 21:09:00,96.22,1
2024-11-24 21:10:00,96.18,1
2024-11-24 21:11:00,96.18,1
2024-11-24 21:12:00,96.35,1
2024-11-24 21:13:00,96.25,1
2024-11-24 21:14:00,96.31,1
2024-11-24 21:15:00,96.3,1
2024-11-24 21:16:00,96.52,1
2024-11-24 21:17:00,96.75,1
2024-11-24 21:18:00,96.72,1
2024-11-24 21:19:00,96.72,1
2024-11-24 21:20:00,96.64,1
2024-11-24 21:21:00,96.64,1
2024-11-24 21:22:00,96.57,1
2024-11-24 21:23:00,96.6,1
2024-11-24 21:24:00,96.58,1
2024-11-24 21:25:00,96.42,1
2024-11-24 21:26:00,96.61,1
2024-11-24 21:27:00,96.53,1
2024-11-24 21:28:00,96.47,1
2024-11-24 21:29:00,96.4,1
2024-11-24 21:30:00,96.46,1
2024-11-24 21:31:00,96.47,1
2024-11-24 21:32:00,96.51,1
2024-11-24 21:33:00,96.67,1
2024-11-24 21:34:00,96.57,1
2024-11-24 21:35:00,96.62,1
2024-11-24 21:36:00,96.51,1
2024-11-24 21:37:00,96.33,1
2024-11-24 21:38:00,96.27,1
2024-11-24 21:39:00,96.45,1
2024-11-24 21:40:00,96.5,1
2024-11-24 21:41:00,96.6,1
2024-11-24 21:42:00,96.61,1
2024-11-24 21:43:00,96.58,1
2024-11-24 21:44:00,96.65,1
2024-11-24 21:45:00,96.66,1
2024-11-24 21:46:00,96.67,1
2024-11-24 21:47:00,96.62,1
2024-11-24 21:48:00,96.73,1
2024-11-24 21:49:00,96.85,1
2024-11-24 21:50:00,96.76,1
2024-11-24 21:51:00,96.75,1
2024-11-24 21:52:00,96.74,1
2024-11-24 21:53:00,96.86,1
2024-11-24 21:54:00,97.01,1
2024-11-24 21:55:00,97.12,1
2024-11-24 21:56:00,97.16,1
2024-11-24 21:57:00,97.15,1
2024-11-24 21:58:00,97.21,1
2024-11-24 21:59:00,97.29,1
2024-11-24 22:00:00,97.29,1
2024-11-24 22:01:00,97.23,1
2024-11-24 22:02:00,97.16,1
2024-11-24 22:03:00,97.08,1
2024-11-24 22:04:00,97.12,1
2024-11-24 22:05:00,97.14,1
2024-11-24 22:06:00,97.19,1
2024-11-24 22:07:00,97.26,1
2024-11-24 22:08:00,97.42,1
2024-11-24 22:09:00,97.52,1
2024-11-24 22:10:00,97.48,1
2024-11-24 22:11:00,97.54,1
2024-11-24 22:12:00,97.6,1
2024-11-24 22:13:00,97.56,1
2024-11-24 22:14:00,97.57,1
2024-11-24 22:15:00,97.58,1
2024-11-24 22:16:00,97.67,1
2024-11-24 22:17:00,97.65,1
2024-11-24 22:18:00,97.53,1
2024-11-24 22:19:00,97.69,1
2024-11-24 22:20:00,97.78,1
2024-11-24 22:21:00,97.84,1
2024-11-24 22:22:00,97.85,1
2024-11-24 22:23:00,97.92,1
2024-11-24 22:24:00,98.02,1
2024-11-24 22:25:00,98.01,1
2024-11-24 22:26:00,97.93,1
2024-11-24 22:27:00,97.61,1
2024-11-24 22:28:00,97.49,1
2024-11-24 22:29:00,97.62,1
2024-11-24 22:30:00,97.57,1
2024-11-24 22:31:00,97.41,1
2024-11-24 22:32:00,97.28,1
2024-11-24 22:33:00,97.27,1
2024-11-24 22:34:00,97.39,1
2024-11-24 22:35:00,97.16,1
2024-11-24 22:36:00,97.58,1
2024-11-24 22:37:00,97.66,1
2024-11-24 22:38:00,97.59,1
2024-11-24 22:39:00,97.62,1
2024-11-24 22:40:00,97.62,1
2024-11-24 22:41:00,97.57,1
2024-11-24 22:42:00,97.6,1
2024-11-24 22:43:00,97.65,1
2024-11-24 22:44:00,97.57,1
2024-11-24 22:45:00,97.51,1
2024-11-24 22:46:00,97.65,1
2024-11-24 22:47:00,97.51,1
2024-11-24 22:48:00,97.49,1
2024-11-24 22:49:00,97.56,1
2024-11-24 22:50:00,97.56,1
2024-11-24 22:51:00,97.36,1
2024-11-24 22:52:00,97.19,1
2024-11-24 22:53:00,97.35,1
2024-11-24 22:54:00,97.24,1
2024-11-24 22:55:00,97.49,1
2024-11-24 22:56:00,97.32,1
2024-11-24 22:57:00,97.53,1
2024-11-24 22:58:00,97.35,1
2024-11-24 22:59:00,97.55,1
2024-11-24 23:00:00,97.28,1
2024-11-24 23:01:00,97.19,1
2024-11-24 23:02:00,97.1,1
2024-11-24 23:03:00,97.55,1
2024-11-24 23:04:00,97.84,1
2024-11-24 23:05:00,97.8,1
2024-11-24 23:06:00,97.76,1
2024-11-24 23:07:00,98.0,1
2024-11-24 23:08:00,98.05,1
2024-11-24 23:09:00,98.01,1
2024-11-24 23:10:00,98.03,1
2024-11-24 23:11:00,97.81,1
2024-11-24 23:12:00,97.7,1
2024-11-24 23:13:00,97.8,1
2024-11-24 23:14:00,97.88,1
2024-11-24 23:15:00,97.74,1
2024-11-24 23:16:00,97.88,1
2024-11-24 23:17:00,98.0,1
2024-11-24 23:18:00,97.96,1
2024-11-24 23:19:00,97.92,1
2024-11-24 23:20:00,97.82,1
2024-11-24 23:21:00,97.63,1
2024-11-24 23:22:00,97.45,1
2024-11-24 23:23:00,97.37,1
2024-11-24 23:24:00,96.99,1
2024-11-24 23:25:00,97.08,1
2024-11-24 23:26:00,96.7,1
2024-11-24 23:27:00,97.04,1
2024-11-24 23:28:00,97.18,1
2024-11-24 23:29:00,97.29,1
2024-11-24 23:30:00,97.37,1
2024-11-24 23:31:00,97.19,1
2024-11-24 23:32:00,97.27,1
2024-11-24 23:33:00,97.12,1
2024-11-24 23:34:00,97.14,1
2024-11-24 23:35:00,97.29,1
2024-11-24 23:36:00,97.04,1
2024-11-24 23:37:00,97.07,1
2024-11-24 23:38:00,97.31,1
2024-11-24 23:39:00,97.06,1
2024-11-24 23:40:00,96.83,1
2024-11-24 23:41:00,96.65,1
2024-11-24 23:42:00,96.87,1
2024-11-24 23:43:00,96.82,1
2024-11-24 23:44:00,96.69,1
2024-11-24 23:45:00,96.85,1
2024-11-24 23:46:00,96.49,1
2024-11-24 23:47:00,96.64,1
2024-11-24 23:48:00,96.8,1
2024-11-24 23:49:00,97.0,1
2024-11-24 23:50:00,96.93,1
2024-11-24 23:51:00,97.16,1
2024-11-24 23:52:00,97.05,1
2024-11-24 23:53:00,97.08,1
2024-11-24 23:54:00,97.05,1
2024-11-24 23:55:00,96.85,1
2024-11-24 23:56:00,96.89,1
2024-11-24 23:57:00,96.86,1
2024-11-24 23:58:00,96.93,1
2024-11-24 23:59:00,96.88,1
2024-11-25 00:00:00,96.92,1
